6.36
6.36
6.35
6.35
6.34
6.33
6.31
6.3
6.28
6.28
6.19
6.03
5.81
5.54
5.26
4.96
4.66
4.37
4.1
3.86
3.63
3.43
3.24
3.08
2.94
2.82
2.71
2.62
2.55
2.49
2.45
2.42
2.42
2.42
2.45
2.49
2.55
2.62
2.71
2.82
2.94
3.08
3.24
3.43
3.63
3.86
4.1
4.37
4.66
4.96
5.26
5.54
5.81
6.03
6.19
6.28
6.28
6.3
6.31
6.33
6.34
6.35
6.35
6.36
6.36
6.35598
6.35631
6.3513
6.34695
6.33838
6.32697
6.3124
6.30014
6.2905
6.29509
6.2002
6.03587
5.80389
5.54279
5.26413
4.96719
4.66753
4.37665
4.1042
3.85633
3.62853
3.42522
3.24196
3.08336
2.94582
2.82843
2.72592
2.64167
2.57318
2.51943
2.48036
2.4563
2.45022
2.4563
2.48036
2.51943
2.57318
2.64167
2.72592
2.82843
2.94582
3.08336
3.24196
3.42522
3.62853
3.85633
4.1042
4.37665
4.66753
4.96719
5.26413
5.54279
5.80389
6.03587
6.2002
6.29509
6.2905
6.30014
6.3124
6.32697
6.33838
6.34695
6.3513
6.35631
6.35598
6.356
6.35572
6.35246
6.34699
6.33808
6.3272
6.31327
6.30178
6.29515
6.3019
6.20378
6.03794
5.79903
5.54214
5.26111
4.96612
4.66559
4.37361
4.10032
3.84955
3.62257
3.42
3.2406
3.08433
2.95086
2.83587
2.73981
2.65877
2.59504
2.54354
2.50822
2.48563
2.47915
2.48563
2.50822
2.54354
2.59504
2.65877
2.73981
2.83587
2.95086
3.08433
3.2406
3.42
3.62257
3.84955
4.10032
4.37361
4.66559
4.96612
5.26111
5.54214
5.79903
6.03794
6.20378
6.3019
6.29515
6.30178
6.31327
6.3272
6.33808
6.34699
6.35246
6.35572
6.356
6.35796
6.35818
6.3549
6.34889
6.3404
6.32812
6.31559
6.30298
6.29773
6.30409
6.20586
6.03608
5.7978
5.53694
5.25813
4.96056
4.65994
4.36771
4.0929
3.84233
3.61583
3.41481
3.23783
3.08537
2.9536
2.84387
2.74999
2.67461
2.61201
2.56558
2.5306
2.51065
2.50377
2.51065
2.5306
2.56558
2.61201
2.67461
2.74999
2.84387
2.9536
3.08537
3.23783
3.41481
3.61583
3.84233
4.0929
4.36771
4.65994
4.96056
5.25813
5.53694
5.7978
6.03608
6.20586
6.30409
6.29773
6.30298
6.31559
6.32812
6.3404
6.34889
6.3549
6.35818
6.35796
6.36268
6.36248
6.35947
6.35326
6.34348
6.3322
6.31757
6.30567
6.29905
6.30597
6.20561
6.03659
5.79402
5.53541
5.25259
4.95598
4.65396
4.36073
4.08667
3.83506
3.61012
3.41006
3.23601
3.08475
2.95774
2.84883
2.76036
2.68595
2.62827
2.58186
2.5505
2.53075
2.52423
2.53075
2.5505
2.58186
2.62827
2.68595
2.76036
2.84883
2.95774
3.08475
3.23601
3.41006
3.61012
3.83506
4.08667
4.36073
4.65396
4.95598
5.25259
5.53541
5.79402
6.03659
6.20561
6.30597
6.29905
6.30567
6.31757
6.3322
6.34348
6.35326
6.35947
6.36248
6.36268
6.36914
6.36963
6.36591
6.35931
6.34979
6.33617
6.3226
6.30823
6.30176
6.30701
6.20734
6.03549
5.79428
5.53184
5.25044
4.9512
4.64909
4.35574
4.08035
3.83036
3.60476
3.40707
3.2335
3.08603
2.95924
2.85515
2.76731
2.69711
2.63973
2.59709
2.56554
2.54716
2.54124
2.54716
2.56554
2.59709
2.63973
2.69711
2.76731
2.85515
2.95924
3.08603
3.2335
3.40707
3.60476
3.83036
4.08035
4.35574
4.64909
4.9512
5.25044
5.53184
5.79428
6.03549
6.20734
6.30701
6.30176
6.30823
6.3226
6.33617
6.34979
6.35931
6.36591
6.36963
6.36914
6.37888
6.37818
6.37513
6.36784
6.35684
6.34394
6.32741
6.31361
6.30427
6.31043
6.20837
6.03758
5.79334
5.53206
5.24764
4.949
4.64542
4.35146
4.07691
3.82527
3.60211
3.40355
3.23304
3.08545
2.96258
2.85878
2.77433
2.70517
2.65041
2.60804
2.57838
2.56062
2.55418
2.56062
2.57838
2.60804
2.65041
2.70517
2.77433
2.85878
2.96258
3.08545
3.23304
3.40355
3.60211
3.82527
4.07691
4.35146
4.64542
4.949
5.24764
5.53206
5.79334
6.03758
6.20837
6.31043
6.30427
6.31361
6.32741
6.34394
6.35684
6.36784
6.37513
6.37818
6.37888
6.38972
6.39026
6.38613
6.37847
6.3674
6.35185
6.33599
6.31898
6.31001
6.31325
6.21264
6.03901
5.79573
5.53167
5.24794
4.94702
4.6436
4.34902
4.07322
3.82339
3.5983
3.40258
3.23131
3.0867
2.96398
2.86282
2.77973
2.71182
2.65869
2.61725
2.58866
2.57061
2.56571
2.57061
2.58866
2.61725
2.65869
2.71182
2.77973
2.86282
2.96398
3.0867
3.23131
3.40258
3.5983
3.82339
4.07322
4.34902
4.6436
4.94702
5.24794
5.53167
5.79573
6.03901
6.21264
6.31325
6.31001
6.31898
6.33599
6.35185
6.3674
6.37847
6.38613
6.39026
6.38972
6.40422
6.40434
6.40013
6.3921
6.37906
6.36391
6.34487
6.328
6.31524
6.31986
6.21608
6.04374
5.79767
5.53422
5.24805
4.94746
4.64243
4.34744
4.07202
3.82036
3.59753
3.40028
3.23142
3.08676
2.96591
2.86604
2.78343
2.71816
2.66442
2.62549
2.59585
2.58026
2.5731
2.58026
2.59585
2.62549
2.66442
2.71816
2.78343
2.86604
2.96591
3.08676
3.23142
3.40028
3.59753
3.82036
4.07202
4.34744
4.64243
4.94746
5.24805
5.53422
5.79767
6.04374
6.21608
6.31986
6.31524
6.328
6.34487
6.36391
6.37906
6.3921
6.40013
6.40434
6.40422
6.42196
6.42126
6.4175
6.40768
6.39493
6.37674
6.35761
6.33746
6.32429
6.32559
6.22323
6.04781
5.80252
5.53652
5.25058
4.94804
4.64285
4.34713
4.07058
3.81998
3.59547
3.4001
3.23074
3.08739
2.9676
2.86788
2.7879
2.72118
2.67115
2.62996
2.60407
2.58533
2.58196
2.58533
2.60407
2.62996
2.67115
2.72118
2.7879
2.86788
2.9676
3.08739
3.23074
3.4001
3.59547
3.81998
4.07058
4.34713
4.64285
4.94804
5.25058
5.53652
5.80252
6.04781
6.22323
6.32559
6.32429
6.33746
6.35761
6.37674
6.39493
6.40768
6.4175
6.42126
6.42196
6.44154
6.44293
6.43676
6.42782
6.41205
6.39384
6.37162
6.35
6.33329
6.3348
6.2296
6.05498
5.80695
5.54112
5.25318
4.95019
4.64399
4.34728
4.07085
3.81887
3.59545
3.39923
3.23086
3.08811
2.9684
2.87072
2.78938
2.72636
2.67352
2.63689
2.60721
2.59326
2.5853
2.59326
2.60721
2.63689
2.67352
2.72636
2.78938
2.87072
2.9684
3.08811
3.23086
3.39923
3.59545
3.81887
4.07085
4.34728
4.64399
4.95019
5.25318
5.54112
5.80695
6.05498
6.2296
6.3348
6.33329
6.35
6.37162
6.39384
6.41205
6.42782
6.43676
6.44293
6.44154
6.4673
6.46556
6.46153
6.44937
6.43399
6.41254
6.38861
6.36432
6.34477
6.34404
6.23885
6.06173
5.81371
5.54578
5.257
4.95315
4.64544
4.34878
4.07079
3.81936
3.59488
3.39942
3.23099
3.0885
2.97003
2.87157
2.79299
2.72758
2.67898
2.63875
2.61384
2.59548
2.59232
2.59548
2.61384
2.63875
2.67898
2.72758
2.79299
2.87157
2.97003
3.0885
3.23099
3.39942
3.59488
3.81936
4.07079
4.34878
4.64544
4.95315
5.257
5.54578
5.81371
6.06173
6.23885
6.34404
6.34477
6.36432
6.38861
6.41254
6.43399
6.44937
6.46153
6.46556
6.4673
6.49333
6.49484
6.48747
6.47638
6.45769
6.43499
6.40839
6.38016
6.35794
6.3553
6.24845
6.07076
5.82065
5.55166
5.26185
4.95586
4.64864
4.34957
4.07233
3.81932
3.59562
3.39933
3.23151
3.0892
2.97075
2.87374
2.79388
2.73151
2.6802
2.64377
2.61554
2.601
2.59422
2.601
2.61554
2.64377
2.6802
2.73151
2.79388
2.87374
2.97075
3.0892
3.23151
3.39933
3.59562
3.81932
4.07233
4.34957
4.64864
4.95586
5.26185
5.55166
5.82065
6.07076
6.24845
6.3553
6.35794
6.38016
6.40839
6.43499
6.45769
6.47638
6.48747
6.49484
6.49333
6.52637
6.52539
6.51956
6.50546
6.48614
6.46039
6.43018
6.39972
6.37223
6.36833
6.25991
6.08049
5.8291
5.55885
5.26648
4.96115
4.65041
4.3527
4.07289
3.82101
3.59568
3.40051
3.23165
3.09019
2.97173
2.87476
2.79632
2.73251
2.68371
2.64523
2.61939
2.60295
2.59813
2.60295
2.61939
2.64523
2.68371
2.73251
2.79632
2.87476
2.97173
3.09019
3.23165
3.40051
3.59568
3.82101
4.07289
4.3527
4.65041
4.96115
5.26648
5.55885
5.8291
6.08049
6.25991
6.36833
6.37223
6.39972
6.43018
6.46039
6.48614
6.50546
6.51956
6.52539
6.52637
6.56205
6.56238
6.55462
6.54012
6.51767
6.48942
6.45637
6.42039
6.38985
6.38294
6.273
6.09203
5.83883
5.56631
5.2739
4.96465
4.65553
4.35411
4.0758
3.82161
3.59779
3.40057
3.23326
3.09042
2.97308
2.8759
2.79738
2.73469
2.68493
2.64772
2.62126
2.60537
2.60034
2.60537
2.62126
2.64772
2.68493
2.73469
2.79738
2.8759
2.97308
3.09042
3.23326
3.40057
3.59779
3.82161
4.0758
4.35411
4.65553
4.96465
5.2739
5.56631
5.83883
6.09203
6.273
6.38294
6.38985
6.42039
6.45637
6.48942
6.51767
6.54012
6.55462
6.56238
6.56205
6.60376
6.60404
6.5957
6.57873
6.5546
6.52261
6.4852
6.44572
6.40921
6.39992
6.28832
6.1049
5.84985
5.57601
5.28029
4.97181
4.65854
4.35848
4.07733
3.82442
3.59824
3.40294
3.23329
3.0922
2.97337
2.87716
2.79839
2.73552
2.6863
2.64904
2.62275
2.60748
2.60177
2.60748
2.62275
2.64904
2.6863
2.73552
2.79839
2.87716
2.97337
3.0922
3.23329
3.40294
3.59824
3.82442
4.07733
4.35848
4.65854
4.97181
5.28029
5.57601
5.84985
6.1049
6.28832
6.39992
6.40921
6.44572
6.4852
6.52261
6.5546
6.57873
6.5957
6.60404
6.60376
6.65196
6.65187
6.64225
6.62388
6.5957
6.56084
6.5188
6.47361
6.43158
6.41975
6.30498
6.12018
5.86241
5.58604
5.28973
4.97732
4.66456
4.36134
4.08074
3.82567
3.60087
3.40309
3.2354
3.09212
2.97479
2.87741
2.79922
2.73626
2.68709
2.65007
2.62417
2.60852
2.60375
2.60852
2.62417
2.65007
2.68709
2.73626
2.79922
2.87741
2.97479
3.09212
3.2354
3.40309
3.60087
3.82567
4.08074
4.36134
4.66456
4.97732
5.28973
5.58604
5.86241
6.12018
6.30498
6.41975
6.43158
6.47361
6.5188
6.56084
6.5957
6.62388
6.64225
6.65187
6.65196
6.70673
6.70638
6.69596
6.67402
6.644
6.60345
6.55682
6.5056
6.45739
6.44108
6.32512
6.13642
5.87663
5.59825
5.29855
4.98551
4.66936
4.3658
4.08311
3.82823
3.60151
3.40513
3.23527
3.09357
2.97467
2.87819
2.79938
2.73659
2.68765
2.65083
2.62517
2.60985
2.60459
2.60985
2.62517
2.65083
2.68765
2.73659
2.79938
2.87819
2.97467
3.09357
3.23527
3.40513
3.60151
3.82823
4.08311
4.3658
4.66936
4.98551
5.29855
5.59825
5.87663
6.13642
6.32512
6.44108
6.45739
6.5056
6.55682
6.60345
6.644
6.67402
6.69596
6.70638
6.70673
6.76827
6.76878
6.75573
6.73272
6.69678
6.65295
6.59938
6.54174
6.48544
6.46645
6.34592
6.15536
5.89241
5.61078
5.30965
4.99301
4.67568
4.36972
4.08614
3.82973
3.60323
3.40514
3.23644
3.09315
2.97535
2.87805
2.79965
2.73686
2.68791
2.65159
2.62591
2.61085
2.60571
2.61085
2.62591
2.65159
2.68791
2.73686
2.79965
2.87805
2.97535
3.09315
3.23644
3.40514
3.60323
3.82973
4.08614
4.36972
4.67568
4.99301
5.30965
5.61078
5.89241
6.15536
6.34592
6.46645
6.48544
6.54174
6.59938
6.65295
6.69678
6.73272
6.75573
6.76878
6.76827
6.83901
6.83812
6.82501
6.79695
6.75867
6.70725
6.64783
6.5819
6.5178
6.49301
6.3702
6.17491
5.90907
5.6256
5.3205
5.00214
4.68185
4.37435
4.08883
3.83171
3.60371
3.40604
3.23591
3.09359
2.9748
2.87815
2.79951
2.73685
2.68828
2.65181
2.62671
2.61139
2.60658
2.61139
2.62671
2.65181
2.68828
2.73685
2.79951
2.87815
2.9748
3.09359
3.23591
3.40604
3.60371
3.83171
4.08883
4.37435
4.68185
5.00214
5.3205
5.6256
5.90907
6.17491
6.3702
6.49301
6.5178
6.5819
6.64783
6.70725
6.75867
6.79695
6.82501
6.83812
6.83901
6.91753
6.9179
6.90165
6.87178
6.82641
6.76987
6.70167
6.62718
6.55274
6.52361
6.39493
6.19483
5.9273
5.64033
5.33332
5.01137
4.68895
4.37877
4.09227
3.83301
3.60496
3.40573
3.23618
3.09272
2.97473
2.87765
2.79935
2.73695
2.68831
2.65226
2.62691
2.61205
2.60691
2.61205
2.62691
2.65226
2.68831
2.73695
2.79935
2.87765
2.97473
3.09272
3.23618
3.40573
3.60496
3.83301
4.09227
4.37877
4.68895
5.01137
5.33332
5.64033
5.9273
6.19483
6.39493
6.52361
6.55274
6.62718
6.70167
6.76987
6.82641
6.87178
6.90165
6.9179
6.91753
7.00745
7.00742
6.9898
6.95478
6.90464
6.83944
6.76244
6.67768
6.59225
6.55614
6.42226
6.2113
5.94551
5.6573
5.34657
5.02164
4.69613
4.38444
4.09484
3.83555
3.60516
3.4063
3.23535
3.09257
2.97388
2.87728
2.79918
2.73677
2.68844
2.65222
2.62722
2.61212
2.60724
2.61212
2.62722
2.65222
2.68844
2.73677
2.79918
2.87728
2.97388
3.09257
3.23535
3.4063
3.60516
3.83555
4.09484
4.38444
4.69613
5.02164
5.34657
5.6573
5.94551
6.2113
6.42226
6.55614
6.59225
6.67768
6.76244
6.83944
6.90464
6.95478
6.9898
7.00742
7.00745
7.10962
7.10911
7.0894
7.04976
6.9923
6.91825
6.83104
6.73387
6.63587
6.59307
6.45308
6.23562
5.96712
5.67539
5.36083
5.03248
4.70382
4.38895
4.09915
3.83655
3.60665
3.40584
3.23536
3.09157
2.97334
2.87678
2.79861
2.73672
2.68823
2.65226
2.62694
2.61209
2.60696
2.61209
2.62694
2.65226
2.68823
2.73672
2.79861
2.87678
2.97334
3.09157
3.23536
3.40584
3.60665
3.83655
4.09915
4.38895
4.70382
5.03248
5.36083
5.67539
5.96712
6.23562
6.45308
6.59307
6.63587
6.73387
6.83104
6.91825
6.9923
7.04976
7.0894
7.10911
7.10962
7.22479
7.22582
7.20204
7.15766
7.09144
7.00775
6.90726
6.79762
6.68413
6.63411
6.48801
6.2649
5.99144
5.69522
5.37648
5.04256
4.71067
4.39449
4.1015
3.83937
3.60681
3.4063
3.23457
3.09108
2.97242
2.87583
2.79813
2.73601
2.68796
2.65174
2.62664
2.61148
2.60664
2.61148
2.62664
2.65174
2.68796
2.73601
2.79813
2.87583
2.97242
3.09108
3.23457
3.4063
3.60681
3.83937
4.1015
4.39449
4.71067
5.04256
5.37648
5.69522
5.99144
6.2649
6.48801
6.63411
6.68413
6.79762
6.90726
7.00775
7.09144
7.15766
7.20204
7.22582
7.22479
7.35805
7.35663
7.33165
7.27897
7.20472
7.10752
6.99445
6.86761
6.73866
6.67895
6.52757
6.29738
6.01884
5.71711
5.39151
5.05177
4.71503
4.39786
4.10508
3.84042
3.60795
3.40595
3.23422
3.09006
2.97139
2.87486
2.79693
2.73532
2.68712
2.65107
2.62574
2.6108
2.60583
2.6108
2.62574
2.65107
2.68712
2.73532
2.79693
2.87486
2.97139
3.09006
3.23422
3.40595
3.60795
3.84042
4.10508
4.39786
4.71503
5.05177
5.39151
5.71711
6.01884
6.29738
6.52757
6.67895
6.73866
6.86761
6.99445
7.10752
7.20472
7.27897
7.33165
7.35663
7.35805
7.50665
7.50834
7.47648
7.41865
7.33112
7.22187
7.09072
6.94739
6.79785
6.72969
6.56999
6.33437
6.04851
5.74025
5.40774
5.05494
4.7139
4.39984
4.10693
3.84226
3.60824
3.40576
3.23339
3.08911
2.97002
2.87343
2.79568
2.73407
2.68602
2.65001
2.62458
2.6098
2.60451
2.6098
2.62458
2.65001
2.68602
2.73407
2.79568
2.87343
2.97002
3.08911
3.23339
3.40576
3.60824
3.84226
4.10693
4.39984
4.7139
5.05494
5.40774
5.74025
6.04851
6.33437
6.56999
6.72969
6.79785
6.94739
7.09072
7.22187
7.33112
7.41865
7.47648
7.50834
7.50665
7.67951
7.67745
7.64448
7.57442
7.47653
7.34879
7.20046
7.035
6.86469
6.78404
6.61793
6.37339
6.08108
5.76578
5.42471
5.06413
4.71552
4.40082
4.10869
3.84335
3.60853
3.40535
3.23231
3.08759
2.9686
2.87161
2.79404
2.73233
2.68472
2.6482
2.62351
2.60791
2.60368
2.60791
2.62351
2.6482
2.68472
2.73233
2.79404
2.87161
2.9686
3.08759
3.23231
3.40535
3.60853
3.84335
4.10869
4.40082
4.71552
5.06413
5.42471
5.76578
6.08108
6.37339
6.61793
6.78404
6.86469
7.035
7.20046
7.34879
7.47653
7.57442
7.64448
7.67745
7.67951
7.87242
7.8746
7.83214
7.75462
7.63856
7.49378
7.32198
7.13353
6.93721
6.84478
6.66874
6.41667
6.1158
5.79236
5.44403
5.07366
4.71566
4.39761
4.10963
3.84445
3.60876
3.40438
3.23108
3.08594
2.96642
2.86975
2.79188
2.73063
2.68245
2.64699
2.62108
2.60707
2.6012
2.60707
2.62108
2.64699
2.68245
2.73063
2.79188
2.86975
2.96642
3.08594
3.23108
3.40438
3.60876
3.84445
4.10963
4.39761
4.71566
5.07366
5.44403
5.79236
6.1158
6.41667
6.66874
6.84478
6.93721
7.13353
7.32198
7.49378
7.63856
7.75462
7.83214
7.8746
7.87242
8.09782
8.09583
8.05031
7.95661
7.82448
7.6554
7.45897
7.24204
7.01751
6.90988
6.72475
6.46249
6.15271
5.82104
5.46255
5.08466
4.72067
4.4001
4.11209
3.84553
3.60872
3.40367
3.22914
3.08398
2.96432
2.86739
2.7898
2.72811
2.68084
2.64422
2.61996
2.60413
2.60017
2.60413
2.61996
2.64422
2.68084
2.72811
2.7898
2.86739
2.96432
3.08398
3.22914
3.40367
3.60872
3.84553
4.11209
4.4001
4.72067
5.08466
5.46255
5.82104
6.15271
6.46249
6.72475
6.90988
7.01751
7.24204
7.45897
7.6554
7.82448
7.95661
8.05031
8.09583
8.09782
8.35216
8.35363
8.29665
8.18934
8.03355
7.83843
7.61118
7.36256
7.10431
6.98094
6.784
6.51181
6.192
5.84939
5.48123
5.09077
4.72791
4.40508
4.11464
3.84729
3.60858
3.40212
3.22769
3.08126
2.96219
2.86467
2.7873
2.72588
2.67774
2.64267
2.61679
2.60262
2.59701
2.60262
2.61679
2.64267
2.67774
2.72588
2.7873
2.86467
2.96219
3.08126
3.22769
3.40212
3.60858
3.84729
4.11464
4.40508
4.72791
5.09077
5.48123
5.84939
6.192
6.51181
6.784
6.98094
7.10431
7.36256
7.61118
7.83843
8.03355
8.18934
8.29665
8.35363
8.35216
8.64809
8.64684
8.58171
8.4535
8.27128
8.04395
7.7812
7.49478
7.19926
7.05603
6.84793
6.56335
6.23272
5.87985
5.49564
5.10324
4.73646
4.40992
4.1182
3.8478
3.6084
3.40108
3.22473
3.07947
2.95841
2.86238
2.784
2.72285
2.67545
2.63909
2.61462
2.59949
2.59451
2.59949
2.61462
2.63909
2.67545
2.72285
2.784
2.86238
2.95841
3.07947
3.22473
3.40108
3.6084
3.8478
4.1182
4.40992
4.73646
5.10324
5.49564
5.87985
6.23272
6.56335
6.84793
7.05603
7.19926
7.49478
7.7812
8.04395
8.27128
8.4535
8.58171
8.64684
8.64809
8.98687
8.98781
8.90757
8.75593
8.54097
8.27438
7.96996
7.64052
7.30052
7.13729
6.91401
6.61833
6.27563
5.91107
5.51833
5.1172
4.74608
4.41446
4.11888
3.84888
3.60747
3.39882
3.22326
3.07517
2.95669
2.85778
2.78133
2.71943
2.6717
2.63624
2.61122
2.59603
2.59186
2.59603
2.61122
2.63624
2.6717
2.71943
2.78133
2.85778
2.95669
3.07517
3.22326
3.39882
3.60747
3.84888
4.11888
4.41446
4.74608
5.1172
5.51833
5.91107
6.27563
6.61833
6.91401
7.13729
7.30052
7.64052
7.96996
8.27438
8.54097
8.75593
8.90757
8.98781
8.98687
9.38235
9.37978
9.28563
9.10128
8.84557
8.53282
8.17872
7.79871
7.41041
7.22131
6.98509
6.67398
6.32038
5.94566
5.54115
5.13462
4.75482
4.41339
4.11883
3.84731
3.6061
3.39733
3.21901
3.07351
2.95102
2.85569
2.77639
2.71585
2.66805
2.63222
2.60691
2.59317
2.5868
2.59317
2.60691
2.63222
2.66805
2.71585
2.77639
2.85569
2.95102
3.07351
3.21901
3.39733
3.6061
3.84731
4.11883
4.41339
4.75482
5.13462
5.54115
5.94566
6.32038
6.67398
6.98509
7.22131
7.41041
7.79871
8.17872
8.53282
8.84557
9.10128
9.28563
9.37978
9.38235
9.83869
9.84276
9.72023
9.49834
9.18932
8.82006
8.40744
7.97094
7.52515
7.31152
7.0563
6.73338
6.36549
5.97976
5.56756
5.15035
4.76474
4.41596
4.11337
3.84566
3.60435
3.39351
3.21723
3.06751
2.949
2.84937
2.77315
2.71101
2.66346
2.62753
2.6032
2.58708
2.58396
2.58708
2.6032
2.62753
2.66346
2.71101
2.77315
2.84937
2.949
3.06751
3.21723
3.39351
3.60435
3.84566
4.11337
4.41596
4.76474
5.15035
5.56756
5.97976
6.36549
6.73338
7.0563
7.31152
7.52515
7.97094
8.40744
8.82006
9.18932
9.49834
9.72023
9.84276
9.83869
10.3862
10.3827
10.2335
9.94977
9.57705
9.13623
8.65676
8.1534
7.64795
7.40165
7.13227
6.79078
6.4122
6.01469
5.59138
5.16805
4.77398
4.41941
4.11294
3.84413
3.60095
3.39168
3.21121
3.06526
2.94193
2.84618
2.76691
2.70612
2.65829
2.62245
2.59678
2.58309
2.57655
2.58309
2.59678
2.62245
2.65829
2.70612
2.76691
2.84618
2.94193
3.06526
3.21121
3.39168
3.60095
3.84413
4.11294
4.41941
4.77398
5.16805
5.59138
6.01469
6.4122
6.79078
7.13227
7.40165
7.64795
8.1534
8.65676
9.13623
9.57705
9.94977
10.2335
10.3827
10.3862
11.0353
11.0393
10.8303
10.4716
10.006
9.48275
8.92198
8.34773
7.77154
7.49698
7.20478
6.85137
6.45623
6.04854
5.61583
5.18305
4.78357
4.42351
4.1133
3.84171
3.5994
3.38562
3.20876
3.05776
2.93836
2.83868
2.76178
2.69973
2.65178
2.61574
2.59091
2.57505
2.57125
2.57505
2.59091
2.61574
2.65178
2.69973
2.76178
2.83868
2.93836
3.05776
3.20876
3.38562
3.5994
3.84171
4.1133
4.42351
4.78357
5.18305
5.61583
6.04854
6.45623
6.85137
7.20478
7.49698
7.77154
8.34773
8.92198
9.48275
10.006
10.4716
10.8303
11.0393
11.0353
11.8378
11.8386
11.5416
11.0589
10.4809
9.85195
9.20189
8.54657
7.90013
7.58781
7.28053
6.90638
6.50085
6.07954
5.63767
5.19759
4.79147
4.4271
4.11293
3.84065
3.5937
3.38301
3.20065
3.05365
2.92972
2.83306
2.75367
2.6922
2.64394
2.60778
2.58205
2.56764
2.56185
2.56764
2.58205
2.60778
2.64394
2.6922
2.75367
2.83306
2.92972
3.05365
3.20065
3.38301
3.5937
3.84065
4.11293
4.4271
4.79147
5.19759
5.63767
6.07954
6.50085
6.90638
7.28053
7.58781
7.90013
8.54657
9.20189
9.85195
10.4809
11.0589
11.5416
11.8386
11.8378
12.8495
12.845
12.3788
11.7166
10.9881
10.2367
9.48994
8.74711
8.02456
7.67995
7.34897
6.96215
6.53956
6.10876
5.65609
5.20914
4.79791
4.42901
4.11261
3.83601
3.59075
3.3746
3.19586
3.04387
2.92308
2.82312
2.74513
2.68245
2.63417
2.59742
2.57232
2.5568
2.55227
2.5568
2.57232
2.59742
2.63417
2.68245
2.74513
2.82312
2.92308
3.04387
3.19586
3.3746
3.59075
3.83601
4.11261
4.42901
4.79791
5.20914
5.65609
6.10876
6.53956
6.96215
7.34897
7.67995
8.02456
8.74711
9.48994
10.2367
10.9881
11.7166
12.3788
12.845
12.8495
14.1756
14.1775
13.3456
12.4215
11.5055
10.6295
9.76878
8.94729
8.14455
7.76404
7.41574
7.01001
6.576
6.13186
5.6693
5.21715
4.80138
4.42966
4.10919
3.83256
3.58239
3.36877
3.1852
3.0359
2.91146
2.81301
2.73303
2.67067
2.6215
2.58511
2.55908
2.54447
2.53911
2.54447
2.55908
2.58511
2.6215
2.67067
2.73303
2.81301
2.91146
3.0359
3.1852
3.36877
3.58239
3.83256
4.10919
4.42966
4.80138
5.21715
5.6693
6.13186
6.576
7.01001
7.41574
7.76404
8.14455
8.94729
9.76878
10.6295
11.5055
12.4215
13.3456
14.1775
14.1756
19.3
16.0737
14.3817
13.1076
12.0133
10.9906
10.0475
9.12683
8.25782
7.84107
7.47324
7.05299
6.60528
6.14958
5.67293
5.22035
4.80256
4.42702
4.1059
3.82449
3.57527
3.35721
3.17556
3.0227
2.89952
2.79874
2.71888
2.65525
2.6061
2.5688
2.54357
2.52801
2.52349
2.52801
2.54357
2.5688
2.6061
2.65525
2.71888
2.79874
2.89952
3.0227
3.17556
3.35721
3.57527
3.82449
4.1059
4.42702
4.80256
5.22035
5.67293
6.14958
6.60528
7.05299
7.47324
7.84107
8.25782
9.12683
10.0475
10.9906
12.0133
13.1076
14.3817
16.0737
19.3
19.3
16.9067
15.1132
13.6868
12.4415
11.3365
10.2795
9.30256
8.35301
7.90814
7.52166
7.08742
6.6274
6.16295
5.67692
5.22157
4.79973
4.42384
4.09939
3.81671
3.56265
3.34541
3.16043
3.0083
2.88281
2.78175
2.70067
2.63625
2.58633
2.54912
2.52292
2.50821
2.50261
2.50821
2.52292
2.54912
2.58633
2.63625
2.70067
2.78175
2.88281
3.0083
3.16043
3.34541
3.56265
3.81671
4.09939
4.42384
4.79973
5.22157
5.67692
6.16295
6.6274
7.08742
7.52166
7.90814
8.35301
9.30256
10.2795
11.3365
12.4415
13.6868
15.1132
16.9067
19.3
19.3
17.3166
15.5997
14.1135
12.814
11.6032
10.5033
9.43711
8.43831
7.95996
7.55901
7.11084
6.64213
6.16878
5.67995
5.21803
4.79476
4.4172
4.09548
3.80369
3.54848
3.32777
3.14273
2.98855
2.86228
2.7602
2.67744
2.61264
2.56173
2.5239
2.4979
2.48212
2.47752
2.48212
2.4979
2.5239
2.56173
2.61264
2.67744
2.7602
2.86228
2.98855
3.14273
3.32777
3.54848
3.80369
4.09548
4.4172
4.79476
5.21803
5.67995
6.16878
6.64213
7.11084
7.55901
7.95996
8.43831
9.43711
10.5033
11.6032
12.814
14.1135
15.5997
17.3166
19.3
19.3
17.5424
15.9118
14.4398
13.0803
11.8462
10.6625
9.56131
8.49775
7.9978
7.58134
7.12289
6.64448
6.16838
5.68015
5.21088
4.78463
4.41021
4.08154
3.78661
3.52744
3.30583
3.11904
2.96345
2.83641
2.73199
2.64912
2.58211
2.53103
2.4923
2.46565
2.45028
2.44496
2.45028
2.46565
2.4923
2.53103
2.58211
2.64912
2.73199
2.83641
2.96345
3.11904
3.30583
3.52744
3.78661
4.08154
4.41021
4.78463
5.21088
5.68015
6.16838
6.64448
7.12289
7.58134
7.9978
8.49775
9.56131
10.6625
11.8462
13.0803
14.4398
15.9118
17.5424
19.3
19.3
17.6773
16.1225
14.6597
13.3022
12.0106
10.805
9.64272
8.54045
8.01604
7.58799
7.11925
6.63505
6.15403
5.66697
5.19538
4.76916
4.39307
4.06011
3.76088
3.49979
3.27668
3.08769
2.93176
2.80171
2.69738
2.61146
2.54453
2.49146
2.45251
2.42546
2.41023
2.40499
2.41023
2.42546
2.45251
2.49146
2.54453
2.61146
2.69738
2.80171
2.93176
3.08769
3.27668
3.49979
3.76088
4.06011
4.39307
4.76916
5.19538
5.66697
6.15403
6.63505
7.11925
7.58799
8.01604
8.54045
9.64272
10.805
12.0106
13.3022
14.6597
16.1225
17.6773
19.3
19.3
17.7601
16.2629
14.8229
13.4499
12.1466
10.8969
9.70267
8.55769
8.01431
7.57566
7.09911
6.60873
6.12667
5.64149
5.17296
4.74981
4.3704
4.02857
3.72553
3.46286
3.23704
3.0482
2.8884
2.75891
2.65069
2.56495
2.49526
2.44203
2.40201
2.37568
2.36063
2.35724
2.36063
2.37568
2.40201
2.44203
2.49526
2.56495
2.65069
2.75891
2.8884
3.0482
3.23704
3.46286
3.72553
4.02857
4.3704
4.74981
5.17296
5.64149
6.12667
6.60873
7.09911
7.57566
8.01431
8.55769
9.70267
10.8969
12.1466
13.4499
14.8229
16.2629
17.7601
19.3
19.3
17.8188
16.3524
14.9359
13.5571
12.2371
10.9585
9.73309
8.55049
7.99071
7.5422
7.05892
6.56462
6.08203
5.60529
5.14487
4.71737
4.3296
3.98261
3.67756
3.41221
3.18666
2.9936
2.83492
2.70052
2.59284
2.50362
2.43373
2.37881
2.33924
2.31314
2.30274
2.29931
2.30274
2.31314
2.33924
2.37881
2.43373
2.50362
2.59284
2.70052
2.83492
2.9936
3.18666
3.41221
3.67756
3.98261
4.3296
4.71737
5.14487
5.60529
6.08203
6.56462
7.05892
7.5422
7.99071
8.55049
9.73309
10.9585
12.2371
13.5571
14.9359
16.3524
17.8188
19.3
19.3
17.8493
16.4216
15.003
13.6346
12.288
10.9964
9.73173
8.52084
7.94196
7.48598
6.99678
6.49883
6.01505
5.542
5.08522
4.65758
4.2675
3.91878
3.61183
3.34663
3.11752
2.92574
2.76158
2.62844
2.5162
2.42708
2.3549
2.30001
2.26009
2.23714
2.22444
2.22211
2.22444
2.23714
2.26009
2.30001
2.3549
2.42708
2.5162
2.62844
2.76158
2.92574
3.11752
3.34663
3.61183
3.91878
4.2675
4.65758
5.08522
5.542
6.01505
6.49883
6.99678
7.48598
7.94196
8.52084
9.73173
10.9964
12.288
13.6346
15.003
16.4216
17.8493
19.3
19.3
17.8772
16.4526
15.0583
13.6691
12.3261
10.9961
9.71501
8.46214
7.86837
7.40321
6.91125
6.40803
5.92303
5.45029
4.99678
4.57079
4.18106
3.8324
3.52571
3.25837
3.03022
2.83351
2.67123
2.53252
2.4214
2.32897
2.25721
2.20129
2.16256
2.13692
2.12267
2.11602
2.12267
2.13692
2.16256
2.20129
2.25721
2.32897
2.4214
2.53252
2.67123
2.83351
3.03022
3.25837
3.52571
3.8324
4.18106
4.57079
4.99678
5.45029
5.92303
6.40803
6.91125
7.40321
7.86837
8.46214
9.71501
10.9961
12.3261
13.6691
15.0583
16.4526
17.8772
19.3
19.3
17.8861
16.4824
15.0768
13.6985
12.3255
10.9908
9.66648
8.38401
7.76379
7.29237
6.80068
6.29158
5.80054
5.32949
4.87744
4.45433
4.06679
3.71903
3.41232
3.14548
2.91405
2.71907
2.55118
2.41502
2.29953
2.2084
2.13559
2.08006
2.03684
2.00717
1.98835
1.98359
1.98835
2.00717
2.03684
2.08006
2.13559
2.2084
2.29953
2.41502
2.55118
2.71907
2.91405
3.14548
3.41232
3.71903
4.06679
4.45433
4.87744
5.32949
5.80054
6.29158
6.80068
7.29237
7.76379
8.38401
9.66648
10.9908
12.3255
13.6985
15.0768
16.4824
17.8861
19.3
19.3
17.8956
16.4897
15.0926
13.6981
12.3242
10.9548
9.61471
8.28145
7.62731
7.14386
6.65158
6.14331
5.64642
5.17282
4.72459
4.3041
3.91891
3.57307
3.26678
2.99894
2.76834
2.56912
2.40446
2.26367
2.1519
2.05743
1.98157
1.92059
1.87399
1.84094
1.82178
1.81421
1.82178
1.84094
1.87399
1.92059
1.98157
2.05743
2.1519
2.26367
2.40446
2.56912
2.76834
2.99894
3.26678
3.57307
3.91891
4.3041
4.72459
5.17282
5.64642
6.14331
6.65158
7.14386
7.62731
8.28145
9.61471
10.9548
12.3242
13.6981
15.0926
16.4897
17.8956
19.3
19.3
17.8972
16.4936
15.0924
13.6932
12.3005
10.9229
9.54588
8.18738
7.5086
7.01882
6.52225
6.01532
5.5146
5.04354
4.59655
4.17969
3.79729
3.45247
3.1473
2.8792
2.64681
2.44985
2.28146
2.14668
2.02631
1.92932
1.84781
1.78383
1.7348
1.69997
1.67882
1.67258
1.67882
1.69997
1.7348
1.78383
1.84781
1.92932
2.02631
2.14668
2.28146
2.44985
2.64681
2.8792
3.1473
3.45247
3.79729
4.17969
4.59655
5.04354
5.5146
6.01532
6.52225
7.01882
7.5086
8.18738
9.54588
10.9229
12.3005
13.6932
15.0924
16.4936
17.8972
19.3
19.3
17.8958
16.4935
15.0824
13.6803
12.2752
10.8754
9.48704
8.09638
7.4075
6.91086
6.41247
5.90488
5.40521
4.93416
4.49051
4.07622
3.69582
3.35335
3.04767
2.78036
2.54833
2.34961
2.18681
2.04149
1.92089
1.81662
1.73362
1.66647
1.6154
1.57937
1.55806
1.55045
1.55806
1.57937
1.6154
1.66647
1.73362
1.81662
1.92089
2.04149
2.18681
2.34961
2.54833
2.78036
3.04767
3.35335
3.69582
4.07622
4.49051
4.93416
5.40521
5.90488
6.41247
6.91086
7.4075
8.09638
9.48704
10.8754
12.2752
13.6803
15.0824
16.4935
17.8958
19.3
19.3
17.8957
16.4826
15.0772
13.6553
12.246
10.8335
9.42233
8.0187
7.31828
6.81821
6.31917
5.81326
5.31354
4.84335
4.40161
3.98949
3.61187
3.26957
2.96602
2.69799
2.46702
2.27062
2.10054
1.95476
1.8262
1.72204
1.63447
1.56606
1.51337
1.4764
1.45418
1.4471
1.45418
1.4764
1.51337
1.56606
1.63447
1.72204
1.8262
1.95476
2.10054
2.27062
2.46702
2.69799
2.96602
3.26957
3.61187
3.98949
4.40161
4.84335
5.31354
5.81326
6.31917
6.81821
7.31828
8.0187
9.42233
10.8335
12.246
13.6553
15.0772
16.4826
17.8957
19.3
19.3
17.8886
16.481
15.054
13.6411
12.2103
10.79
9.36764
7.94721
7.24053
6.73919
6.23969
5.74141
5.23878
4.76805
4.32659
3.91736
3.54038
3.20086
2.89651
2.63111
2.40223
2.20326
2.02955
1.87611
1.74837
1.6383
1.55084
1.47937
1.42611
1.38804
1.36537
1.35812
1.36537
1.38804
1.42611
1.47937
1.55084
1.6383
1.74837
1.87611
2.02955
2.20326
2.40223
2.63111
2.89651
3.20086
3.54038
3.91736
4.32659
4.76805
5.23878
5.74141
6.23969
6.73919
7.24053
7.94721
9.36764
10.79
12.2103
13.6411
15.054
16.481
17.8886
19.3
19.3
17.8882
16.4637
15.0484
13.6092
12.1856
10.7469
9.31683
7.88392
7.17428
6.66884
6.17234
5.6764
5.18078
4.70439
4.26437
3.8552
3.48163
3.14156
2.84065
2.57488
2.34853
2.14517
1.96551
1.81196
1.67823
1.56921
1.47732
1.4062
1.35072
1.31214
1.28958
1.28121
1.28958
1.31214
1.35072
1.4062
1.47732
1.56921
1.67823
1.81196
1.96551
2.14517
2.34853
2.57488
2.84065
3.14156
3.48163
3.8552
4.26437
4.70439
5.18078
5.6764
6.17234
6.66884
7.17428
7.88392
9.31683
10.7469
12.1856
13.6092
15.0484
16.4637
17.8882
19.3
19.3
17.8791
16.4612
15.0229
13.5969
12.1488
10.7149
9.26733
7.8318
7.11285
6.61076
6.11147
5.6196
5.12578
4.65027
4.20987
3.80412
3.43002
3.09433
2.79315
2.53192
2.30048
2.09371
1.91245
1.75398
1.62139
1.50736
1.41662
1.34195
1.28664
1.24737
1.22305
1.21675
1.22305
1.24737
1.28664
1.34195
1.41662
1.50736
1.62139
1.75398
1.91245
2.09371
2.30048
2.53192
2.79315
3.09433
3.43002
3.80412
4.20987
4.65027
5.12578
5.6196
6.11147
6.61076
7.11285
7.8318
9.26733
10.7149
12.1488
13.5969
15.0229
16.4612
17.8791
19.3
19.3
17.8778
16.4443
15.016
13.5672
12.1303
10.6739
9.23225
7.77918
7.065
6.55599
6.06096
5.56855
5.07741
4.60263
4.16452
3.75861
3.38897
3.05273
2.75847
2.49504
2.25977
2.04957
1.8651
1.70693
1.56971
1.4573
1.36211
1.28849
1.23101
1.19051
1.16814
1.15824
1.16814
1.19051
1.23101
1.28849
1.36211
1.4573
1.56971
1.70693
1.8651
2.04957
2.25977
2.49504
2.75847
3.05273
3.38897
3.75861
4.16452
4.60263
5.07741
5.56855
6.06096
6.55599
7.065
7.77918
9.23225
10.6739
12.1303
13.5672
15.016
16.4443
17.8778
19.3
19.3
17.8698
16.44
14.9948
13.5552
12.0976
10.6517
9.18879
7.74247
7.01637
6.51344
6.01457
5.52526
5.0359
4.56222
4.12481
3.72197
3.35198
3.02138
2.72559
2.46291
2.2233
2.01122
1.82578
1.66421
1.52836
1.41142
1.31784
1.24087
1.18322
1.14321
1.1174
1.1117
1.1174
1.14321
1.18322
1.24087
1.31784
1.41142
1.52836
1.66421
1.82578
2.01122
2.2233
2.46291
2.72559
3.02138
3.35198
3.72197
4.12481
4.56222
5.0359
5.52526
6.01457
6.51344
7.01637
7.74247
9.18879
10.6517
12.0976
13.5552
14.9948
16.44
17.8698
19.3
19.3
17.8678
16.4269
14.9865
13.5314
12.0822
10.6169
9.16362
7.70066
6.98117
6.47177
5.97704
5.4882
5.00164
4.52912
4.09218
3.68961
3.32418
2.99546
2.70255
2.43337
2.19239
1.97833
1.79084
1.6297
1.49001
1.37493
1.27743
1.2012
1.14234
1.10016
1.07732
1.06707
1.07732
1.10016
1.14234
1.2012
1.27743
1.37493
1.49001
1.6297
1.79084
1.97833
2.19239
2.43337
2.70255
2.99546
3.32418
3.68961
4.09218
4.52912
5.00164
5.4882
5.97704
6.47177
6.98117
7.70066
9.16362
10.6169
12.0822
13.5314
14.9865
16.4269
17.8678
19.3
19.3
17.8618
16.4226
14.9701
13.5202
12.0562
10.5985
9.12997
7.67227
6.94468
6.4394
5.94312
5.45739
4.97801
4.50314
4.06517
3.66431
3.29991
2.97496
2.67866
2.4086
2.16504
1.94993
1.76183
1.59811
1.45978
1.34083
1.24482
1.16623
1.10652
1.06536
1.03913
1.03261
1.03913
1.06536
1.10652
1.16623
1.24482
1.34083
1.45978
1.59811
1.76183
1.94993
2.16504
2.4086
2.67866
2.97496
3.29991
3.66431
4.06517
4.50314
4.97801
5.45739
5.94312
6.4394
6.94468
7.67227
9.12997
10.5985
12.0562
13.5202
14.9701
16.4226
17.8618
19.3
19.3
17.8605
16.4118
14.9637
13.5007
12.0421
10.5728
9.10764
7.64198
6.91636
6.40898
5.91424
5.43078
4.95466
4.48572
4.04362
3.64327
3.28472
2.95858
2.65951
2.38587
2.14201
1.92552
1.73622
1.5727
1.43133
1.3141
1.21506
1.13686
1.07659
1.03343
1.00915
0.999671
1.00915
1.03343
1.07659
1.13686
1.21506
1.3141
1.43133
1.5727
1.73622
1.92552
2.14201
2.38587
2.65951
2.95858
3.28472
3.64327
4.04362
4.48572
4.95466
5.43078
5.91424
6.40898
6.91636
7.64198
9.10764
10.5728
12.0421
13.5007
14.9637
16.4118
17.8605
19.3
19.3
17.8552
16.4095
14.9484
13.4919
12.022
10.5547
9.08445
7.61716
6.8902
6.38282
5.88927
5.40619
4.93355
4.46651
4.025
3.6273
3.26942
2.94387
2.64061
2.36747
2.12131
1.90496
1.71462
1.54956
1.40907
1.2889
1.19116
1.11127
1.05033
1.00761
0.98141
0.973534
0.98141
1.00761
1.05033
1.11127
1.19116
1.2889
1.40907
1.54956
1.71462
1.90496
2.12131
2.36747
2.64061
2.94387
3.26942
3.6273
4.025
4.46651
4.93355
5.40619
5.88927
6.38282
6.8902
7.61716
9.08445
10.5547
12.022
13.4919
14.9484
16.4095
17.8552
19.3
19.3
17.8548
16.3988
14.9447
13.4743
12.0096
10.5368
9.06359
7.59608
6.86687
6.36076
5.86626
5.38577
4.9135
4.44984
4.00979
3.61665
3.26091
2.92885
2.62617
2.34967
2.10499
1.88655
1.69626
1.53064
1.38833
1.26923
1.16928
1.08982
1.02828
0.984546
0.958868
0.949964
0.958868
0.984546
1.02828
1.08982
1.16928
1.26923
1.38833
1.53064
1.69626
1.88655
2.10499
2.34967
2.62617
2.92885
3.26091
3.61665
4.00979
4.44984
4.9135
5.38577
5.86626
6.36076
6.86687
7.59608
9.06359
10.5368
12.0096
13.4743
14.9447
16.3988
17.8548
19.3
19.3
17.8498
16.398
14.9299
13.4684
11.9933
10.5215
9.04778
7.57596
6.84798
6.34042
5.84786
5.36661
4.8979
4.4361
3.99832
3.6065
3.24929
2.91747
2.61099
2.33682
2.08925
1.8721
1.68017
1.51415
1.37178
1.25092
1.15168
1.07096
1.0092
0.96538
0.939038
0.930425
0.939038
0.96538
1.0092
1.07096
1.15168
1.25092
1.37178
1.51415
1.68017
1.8721
2.08925
2.33682
2.61099
2.91747
3.24929
3.6065
3.99832
4.4361
4.8979
5.36661
5.84786
6.34042
6.84798
7.57596
9.04778
10.5215
11.9933
13.4684
14.9299
16.398
17.8498
19.3
19.3
17.8498
16.3887
14.9283
13.4523
11.9851
10.5076
9.03242
7.56067
6.83074
6.32415
5.83075
5.35191
4.88428
4.43065
3.99202
3.59935
3.24044
2.90534
2.60063
2.32359
2.07785
1.85874
1.66716
1.50035
1.35704
1.2364
1.13578
1.05526
0.992955
0.948778
0.922424
0.913624
0.922424
0.948778
0.992955
1.05526
1.13578
1.2364
1.35704
1.50035
1.66716
1.85874
2.07785
2.32359
2.60063
2.90534
3.24044
3.59935
3.99202
4.43065
4.88428
5.35191
5.83075
6.32415
6.83074
7.56067
9.03242
10.5076
11.9851
13.4523
14.9283
16.3887
17.8498
19.3
19.3
17.8462
16.3885
14.9155
13.4496
11.9699
10.4984
9.01967
7.54701
6.8167
6.30971
5.81713
5.33829
4.87383
4.42412
3.9957
3.59839
3.23307
2.89683
2.59018
2.31422
2.06723
1.84822
1.6562
1.48854
1.34535
1.22339
1.12303
1.04161
0.979234
0.934835
0.90832
0.899486
0.90832
0.934835
0.979234
1.04161
1.12303
1.22339
1.34535
1.48854
1.6562
1.84822
2.06723
2.31422
2.59018
2.89683
3.23307
3.59839
3.9957
4.42412
4.87383
5.33829
5.81713
6.30971
6.8167
7.54701
9.01967
10.4984
11.9699
13.4496
14.9155
16.3885
17.8462
19.3
19.3
17.8462
16.3818
14.9151
13.4349
11.9661
10.4847
9.01058
7.53499
6.8049
6.2976
5.80529
5.32708
4.86403
4.41727
3.99181
3.59447
3.22617
2.88929
2.58202
2.30633
2.05831
1.84017
1.6464
1.47987
1.33472
1.21352
1.11179
1.03057
0.967638
0.923176
0.896505
0.887687
0.896505
0.923176
0.967638
1.03057
1.11179
1.21352
1.33472
1.47987
1.6464
1.84017
2.05831
2.30633
2.58202
2.88929
3.22617
3.59447
3.99181
4.41727
4.86403
5.32708
5.80529
6.2976
6.8049
7.53499
9.01058
10.4847
11.9661
13.4349
14.9151
16.3818
17.8462
19.3
19.3
17.8443
16.3818
14.9054
13.4338
11.9514
10.4798
8.99866
7.52597
6.79434
6.28775
5.79499
5.31812
4.85485
4.41041
3.98637
3.58842
3.22087
2.88199
2.57654
2.29842
2.05296
1.83169
1.64067
1.47087
1.32787
1.20431
1.10337
1.02111
0.958305
0.913448
0.886811
0.877872
0.886811
0.913448
0.958305
1.02111
1.10337
1.20431
1.32787
1.47087
1.64067
1.83169
2.05296
2.29842
2.57654
2.88199
3.22087
3.58842
3.98637
4.41041
4.85485
5.31812
5.79499
6.28775
6.79434
7.52597
8.99866
10.4798
11.9514
13.4338
14.9054
16.3818
17.8443
19.3
19.3
17.8443
16.378
14.9051
13.4223
11.9487
10.467
8.99236
7.51635
6.78619
6.27883
5.78742
5.30927
4.84864
4.40318
3.98072
3.5838
3.21441
2.87825
2.56952
2.29521
2.04549
1.8284
1.63292
1.4668
1.32017
1.19848
1.09584
1.01395
0.950462
0.905747
0.878813
0.869968
0.878813
0.905747
0.950462
1.01395
1.09584
1.19848
1.32017
1.4668
1.63292
1.8284
2.04549
2.29521
2.56952
2.87825
3.21441
3.5838
3.98072
4.40318
4.84864
5.30927
5.78742
6.27883
6.78619
7.51635
8.99236
10.467
11.9487
13.4223
14.9051
16.378
17.8443
19.3
19.3
17.8435
16.3778
14.8996
13.4204
11.9379
10.4616
8.98276
7.50949
6.77853
6.27223
5.77986
5.30409
4.84135
4.39865
3.97572
3.57841
3.21155
2.87224
2.56765
2.28882
2.04392
1.82192
1.63091
1.4604
1.31666
1.19261
1.0906
1.00793
0.944579
0.899377
0.872586
0.863549
0.872586
0.899377
0.944579
1.00793
1.0906
1.19261
1.31666
1.4604
1.63091
1.82192
2.04392
2.28882
2.56765
2.87224
3.21155
3.57841
3.97572
4.39865
4.84135
5.30409
5.77986
6.27223
6.77853
7.50949
8.98276
10.4616
11.9379
13.4204
14.8996
16.3778
17.8435
19.3
19.3
17.8434
16.3764
14.8983
13.4145
11.9326
10.4535
8.97539
7.50286
6.7724
6.26618
5.77511
5.2979
4.83787
4.39354
3.97175
3.57575
3.20667
2.87104
2.56259
2.28821
2.03884
1.82116
1.62595
1.45858
1.31219
1.189
1.0864
1.00351
0.939787
0.894699
0.867593
0.858697
0.867593
0.894699
0.939787
1.00351
1.0864
1.189
1.31219
1.45858
1.62595
1.82116
2.03884
2.28821
2.56259
2.87104
3.20667
3.57575
3.97175
4.39354
4.83787
5.2979
5.77511
6.26618
6.7724
7.50286
8.97539
10.4535
11.9326
13.4145
14.8983
16.3764
17.8434
19.3
19.3
17.8433
16.3758
14.8964
13.4103
11.9277
10.4448
8.97
7.49614
6.76774
6.26138
5.77048
5.29467
4.8335
4.39076
3.96907
3.57216
3.20576
2.86729
2.56238
2.28463
2.03871
1.81775
1.62522
1.45544
1.30994
1.18634
1.0831
1.00042
0.936403
0.891054
0.864046
0.854967
0.864046
0.891054
0.936403
1.00042
1.0831
1.18634
1.30994
1.45544
1.62522
1.81775
2.03871
2.28463
2.56238
2.86729
3.20576
3.57216
3.96907
4.39076
4.8335
5.29467
5.77048
6.26138
6.76774
7.49614
8.97
10.4448
11.9277
13.4103
14.8964
16.3758
17.8433
19.3
19.3
17.8431
16.3755
14.8943
13.4086
11.9201
10.4415
8.96118
7.49281
6.76265
6.25823
5.76707
5.2916
4.83115
4.38849
3.96666
3.57137
3.20316
2.86729
2.56009
2.2848
2.03672
1.81764
1.62336
1.45437
1.30842
1.18411
1.08153
0.998027
0.934149
0.888672
0.861499
0.852525
0.861499
0.888672
0.934149
0.998027
1.08153
1.18411
1.30842
1.45437
1.62336
1.81764
2.03672
2.2848
2.56009
2.86729
3.20316
3.57137
3.96666
4.38849
4.83115
5.2916
5.76707
6.25823
6.76265
7.49281
8.96118
10.4415
11.9201
13.4086
14.8943
16.3755
17.8431
19.3
19.3
17.8431
16.375
14.8941
13.4044
11.9188
10.433
8.95916
7.48709
6.76068
6.25474
5.76526
5.28923
4.82976
4.38668
3.96615
3.56972
3.20343
2.86599
2.56049
2.28384
2.03696
1.81686
1.62315
1.45373
1.30738
1.18359
1.08007
0.997087
0.932753
0.887271
0.860069
0.850993
0.860069
0.887271
0.932753
0.997087
1.08007
1.18359
1.30738
1.45373
1.62315
1.81686
2.03696
2.28384
2.56049
2.86599
3.20343
3.56972
3.96615
4.38668
4.82976
5.28923
5.76526
6.25474
6.76068
7.48709
8.95916
10.433
11.9188
13.4044
14.8941
16.375
17.8431
19.3
19.3
17.8431
16.375
14.8928
13.4041
11.9137
10.4322
8.95321
7.48606
6.75746
6.25382
5.76307
5.28875
4.82809
4.38681
3.96503
3.5704
3.20281
2.86679
2.56029
2.28443
2.03695
1.81717
1.62326
1.4537
1.30755
1.18317
1.08013
0.996547
0.932446
0.886748
0.85952
0.850479
0.85952
0.886748
0.932446
0.996547
1.08013
1.18317
1.30755
1.4537
1.62326
1.81717
2.03695
2.28443
2.56029
2.86679
3.20281
3.5704
3.96503
4.38681
4.82809
5.28875
5.76307
6.25382
6.75746
7.48606
8.95321
10.4322
11.9137
13.4041
14.8928
16.375
17.8431
19.3
19.3
17.8431
16.3748
14.8928
13.4025
11.9135
10.4284
8.95274
7.48343
6.75706
6.25215
5.76305
5.28739
4.82889
4.38581
3.96636
3.57014
3.20424
2.86717
2.5614
2.28512
2.03769
1.81803
1.62378
1.45458
1.30808
1.184
1.08041
0.997206
0.932666
0.88715
0.859826
0.850766
0.859826
0.88715
0.932666
0.997206
1.08041
1.184
1.30808
1.45458
1.62378
1.81803
2.03769
2.28512
2.5614
2.86717
3.20424
3.57014
3.96636
4.38581
4.82889
5.28739
5.76305
6.25215
6.75706
7.48343
8.95274
10.4284
11.9135
13.4025
14.8928
16.3748
17.8431
19.3
19.3
17.8431
16.3748
14.8926
13.4024
11.9122
10.4282
8.95104
7.48331
6.75615
6.25222
5.76237
5.2883
4.82815
4.38772
3.96611
3.57234
3.20489
2.86894
2.56276
2.28633
2.0394
1.81885
1.62561
1.45559
1.30972
1.18502
1.08198
0.997991
0.934019
0.888115
0.86095
0.85185
0.86095
0.888115
0.934019
0.997991
1.08198
1.18502
1.30972
1.45559
1.62561
1.81885
2.0394
2.28633
2.56276
2.86894
3.20489
3.57234
3.96611
4.38772
4.82815
5.2883
5.76237
6.25222
6.75615
7.48331
8.95104
10.4282
11.9122
13.4024
14.8926
16.3748
17.8431
19.3
19.3
17.8431
16.3748
14.8926
13.4022
11.9121
10.4277
8.95099
7.48325
6.7562
6.25241
5.76294
5.28838
4.83004
4.38769
3.96896
3.57295
3.20755
2.8707
2.56457
2.28895
2.0406
1.82181
1.62679
1.45825
1.31133
1.18744
1.08331
1.00036
0.93539
0.890131
0.862679
0.853685
0.862679
0.890131
0.93539
1.00036
1.08331
1.18744
1.31133
1.45825
1.62679
1.82181
2.0406
2.28895
2.56457
2.8707
3.20755
3.57295
3.96896
4.38769
4.83004
5.28838
5.76294
6.25241
6.7562
7.48325
8.95099
10.4277
11.9121
13.4022
14.8926
16.3748
17.8431
19.3
19.3
17.8431
16.3748
14.8926
13.4022
11.9123
10.4277
8.95161
7.48328
6.75731
6.25266
5.76414
5.28966
4.83093
4.39056
3.96972
3.57642
3.20923
2.87342
2.56773
2.29068
2.04465
1.82322
1.63062
1.46028
1.31443
1.18958
1.08648
1.00209
0.938411
0.892249
0.865251
0.85607
0.865251
0.892249
0.938411
1.00209
1.08648
1.18958
1.31443
1.46028
1.63062
1.82322
2.04465
2.29068
2.56773
2.87342
3.20923
3.57642
3.96972
4.39056
4.83093
5.28966
5.76414
6.25266
6.75731
7.48328
8.95161
10.4277
11.9123
13.4022
14.8926
16.3748
17.8431
19.3
19.3
17.8431
16.3748
14.8926
13.4025
11.9123
10.4289
8.95164
7.48529
6.75749
6.25492
5.76484
5.29183
4.8331
4.39218
3.97336
3.57808
3.21291
2.87639
2.57034
2.29531
2.04651
1.82815
1.63302
1.46407
1.31765
1.19291
1.0891
1.00591
0.940813
0.895687
0.868108
0.859196
0.868108
0.895687
0.940813
1.00591
1.0891
1.19291
1.31765
1.46407
1.63302
1.82815
2.04651
2.29531
2.57034
2.87639
3.21291
3.57808
3.97336
4.39218
4.8331
5.29183
5.76484
6.25492
6.75749
7.48529
8.95164
10.4289
11.9123
13.4025
14.8926
16.3748
17.8431
19.3
19.3
17.8431
16.3748
14.8928
13.4025
11.914
10.4289
8.95471
7.48557
6.76068
6.25556
5.76807
5.29338
4.836
4.39526
3.9757
3.58213
3.21558
2.88009
2.57463
2.29793
2.05206
1.83085
1.63762
1.46815
1.32084
1.19718
1.09287
1.00903
0.945062
0.898858
0.871877
0.862638
0.871877
0.898858
0.945062
1.00903
1.09287
1.19718
1.32084
1.46815
1.63762
1.83085
2.05206
2.29793
2.57463
2.88009
3.21558
3.58213
3.9757
4.39526
4.836
5.29338
5.76807
6.25556
6.76068
7.48557
8.95471
10.4289
11.914
13.4025
14.8928
16.3748
17.8431
19.3
19.3
17.8431
16.375
14.8928
13.4044
11.914
10.4336
8.95504
7.48996
6.76169
6.25935
5.76969
5.29707
4.8386
4.39866
3.97943
3.58527
3.21991
2.88381
2.5784
2.30333
2.05515
1.83626
1.64197
1.47164
1.32662
1.20019
1.09756
1.01346
0.948693
0.903367
0.875751
0.866819
0.875751
0.903367
0.948693
1.01346
1.09756
1.20019
1.32662
1.47164
1.64197
1.83626
2.05515
2.30333
2.5784
2.88381
3.21991
3.58527
3.97943
4.39866
4.8386
5.29707
5.76969
6.25935
6.76169
7.48996
8.95504
10.4336
11.914
13.4044
14.8928
16.375
17.8431
19.3
19.3
17.8431
16.375
14.8941
13.4044
11.9196
10.4339
8.96204
7.49134
6.76601
6.26161
5.77339
5.29998
4.84249
4.40218
3.98345
3.58948
3.22381
2.88851
2.58311
2.30716
2.06095
1.84044
1.64635
1.47788
1.32927
1.2067
1.10136
1.01809
0.953736
0.90756
0.880497
0.871235
0.880497
0.90756
0.953736
1.01809
1.10136
1.2067
1.32927
1.47788
1.64635
1.84044
2.06095
2.30716
2.58311
2.88851
3.22381
3.58948
3.98345
4.40218
4.84249
5.29998
5.77339
6.26161
6.76601
7.49134
8.96204
10.4339
11.9196
13.4044
14.8941
16.375
17.8431
19.3
19.3
17.8431
16.3756
14.8941
13.4088
11.9197
10.4431
8.96316
7.4973
6.76894
6.26516
5.77719
5.30349
4.84647
4.40653
3.98759
3.59414
3.2287
2.893
2.58795
2.31276
2.0651
1.84582
1.65205
1.48118
1.33664
1.20981
1.1074
1.02314
0.958327
0.912955
0.885286
0.87634
0.885286
0.912955
0.958327
1.02314
1.1074
1.20981
1.33664
1.48118
1.65205
1.84582
2.0651
2.31276
2.58795
2.893
3.2287
3.59414
3.98759
4.40653
4.84647
5.30349
5.77719
6.26516
6.76894
7.4973
8.96316
10.4431
11.9197
13.4088
14.8941
16.3756
17.8431
19.3
19.3
17.8433
16.3756
14.8963
13.4088
11.9279
10.4437
8.97236
7.50032
6.77297
6.26968
5.78011
5.3084
4.85035
4.41106
3.99259
3.59894
3.23366
2.89846
2.59322
2.31744
2.07111
1.85084
1.65664
1.48816
1.33992
1.2169
1.11211
1.02834
0.964283
0.917915
0.890908
0.881625
0.890908
0.917915
0.964283
1.02834
1.11211
1.2169
1.33992
1.48816
1.65664
1.85084
2.07111
2.31744
2.59322
2.89846
3.23366
3.59894
3.99259
4.41106
4.85035
5.3084
5.78011
6.26968
6.77297
7.50032
8.97236
10.4437
11.9279
13.4088
14.8963
16.3756
17.8433
19.3
19.3
17.8433
16.3761
14.8963
13.4133
11.9282
10.4532
8.97427
7.50588
6.77763
6.2726
5.78582
5.3116
4.85565
4.41578
3.99755
3.60434
3.23928
2.9038
2.5987
2.32361
2.07602
1.85667
1.66284
1.49252
1.34718
1.22154
1.11805
1.03463
0.969276
0.924204
0.896461
0.887565
0.896461
0.924204
0.969276
1.03463
1.11805
1.22154
1.34718
1.49252
1.66284
1.85667
2.07602
2.32361
2.5987
2.9038
3.23928
3.60434
3.99755
4.41578
4.85565
5.3116
5.78582
6.2726
6.77763
7.50588
8.97427
10.4532
11.9282
13.4133
14.8963
16.3761
17.8433
19.3
19.3
17.8433
16.3761
14.8978
13.4134
11.9344
10.4541
8.98157
7.50989
6.78124
6.27849
5.7887
5.31775
4.85983
4.42118
4.00298
3.60997
3.24489
2.90985
2.60492
2.329
2.08263
1.86254
1.66848
1.49943
1.35236
1.22805
1.12451
1.03981
0.976301
0.929765
0.902908
0.893624
0.902908
0.929765
0.976301
1.03981
1.12451
1.22805
1.35236
1.49943
1.66848
1.86254
2.08263
2.329
2.60492
2.90985
3.24489
3.60997
4.00298
4.42118
4.85983
5.31775
5.7887
6.27849
6.78124
7.50989
8.98157
10.4541
11.9344
13.4134
14.8978
16.3761
17.8433
19.3
19.3
17.8433
16.3765
14.8979
13.4167
11.9348
10.4607
8.98389
7.51451
6.78667
6.28162
5.79539
5.32137
4.86596
4.4264
4.00874
3.61578
3.25117
2.9161
2.61092
2.33602
2.08866
1.86903
1.67531
1.50542
1.35919
1.23467
1.13022
1.04742
0.981793
0.936919
0.909215
0.900367
0.909215
0.936919
0.981793
1.04742
1.13022
1.23467
1.35919
1.50542
1.67531
1.86903
2.08866
2.33602
2.61092
2.9161
3.25117
3.61578
4.00874
4.4264
4.86596
5.32137
5.79539
6.28162
6.78667
7.51451
8.98389
10.4607
11.9348
13.4167
14.8979
16.3765
17.8433
19.3
19.3
17.8435
16.3765
14.8998
13.4168
11.9406
10.4619
8.98998
7.5189
6.79053
6.28814
5.79868
5.32836
4.87065
4.43258
4.01467
3.62218
3.25749
2.92256
2.61816
2.34234
2.09572
1.87615
1.68179
1.51264
1.36598
1.24118
1.13801
1.05318
0.989705
0.943265
0.91646
0.907188
0.91646
0.943265
0.989705
1.05318
1.13801
1.24118
1.36598
1.51264
1.68179
1.87615
2.09572
2.34234
2.61816
2.92256
3.25749
3.62218
4.01467
4.43258
4.87065
5.32836
5.79868
6.28814
6.79053
7.5189
8.98998
10.4619
11.9406
13.4168
14.8998
16.3765
17.8435
19.3
19.3
17.8435
16.3778
14.8999
13.4224
11.9411
10.4697
8.99254
7.52403
6.79632
6.29175
5.80605
5.33232
4.87761
4.4383
4.02127
3.62861
3.26433
2.92982
2.62468
2.34997
2.103
1.88296
1.6896
1.5195
1.37335
1.24879
1.14456
1.06154
0.996163
0.95118
0.923538
0.914709
0.923538
0.95118
0.996163
1.06154
1.14456
1.24879
1.37335
1.5195
1.6896
1.88296
2.103
2.34997
2.62468
2.92982
3.26433
3.62861
4.02127
4.4383
4.87761
5.33232
5.80605
6.29175
6.79632
7.52403
8.99254
10.4697
11.9411
13.4224
14.8999
16.3778
17.8435
19.3
19.3
17.8441
16.3778
14.9041
13.4225
11.9504
10.471
9.00042
7.5287
6.80094
6.29867
5.80983
5.33998
4.88275
4.44532
4.02773
3.63577
3.27143
2.93667
2.63267
2.35703
2.1104
1.89113
1.69659
1.52765
1.3808
1.25638
1.15287
1.06848
1.0047
0.958419
0.93153
0.922255
0.93153
0.958419
1.0047
1.06848
1.15287
1.25638
1.3808
1.52765
1.69659
1.89113
2.1104
2.35703
2.63267
2.93667
3.27143
3.63577
4.02773
4.44532
4.88275
5.33998
5.80983
6.29867
6.80094
7.5287
9.00042
10.471
11.9504
13.4225
14.9041
16.3778
17.8441
19.3
19.3
17.8441
16.3799
14.9041
13.4305
11.9509
10.4811
9.00318
7.53497
6.80707
6.30319
5.81749
5.34479
4.89032
4.45166
4.03509
3.64275
3.2788
2.94459
2.63963
2.36515
2.11837
1.89853
1.7052
1.53527
1.38921
1.26454
1.16061
1.07733
1.01221
0.967
0.939394
0.930496
0.939394
0.967
1.01221
1.07733
1.16061
1.26454
1.38921
1.53527
1.7052
1.89853
2.11837
2.36515
2.63963
2.94459
3.2788
3.64275
4.03509
4.45166
4.89032
5.34479
5.81749
6.30319
6.80707
7.53497
9.00318
10.4811
11.9509
13.4305
14.9041
16.3799
17.8441
19.3
19.3
17.8446
16.3799
14.9085
13.4306
11.9602
10.4824
9.01145
7.54004
6.81272
6.31034
5.82271
5.35262
4.8966
4.45926
4.04216
3.6505
3.28636
2.95192
2.64808
2.37277
2.12638
1.90716
1.71317
1.54407
1.39757
1.273
1.16955
1.08526
1.02133
0.975141
0.94808
0.938835
0.94808
0.975141
1.02133
1.08526
1.16955
1.273
1.39757
1.54407
1.71317
1.90716
2.12638
2.37277
2.64808
2.95192
3.28636
3.6505
4.04216
4.45926
4.8966
5.35262
5.82271
6.31034
6.81272
7.54004
9.01145
10.4824
11.9602
13.4306
14.9085
16.3799
17.8446
19.3
19.3
17.8446
16.3814
14.9085
13.4366
11.9607
10.4905
9.01454
7.54655
6.81934
6.31633
5.83043
5.35919
4.90438
4.46664
4.05006
3.65801
3.29431
2.96022
2.65582
2.38129
2.13485
1.91538
1.72204
1.55277
1.40642
1.28212
1.17797
1.09474
1.02974
0.984358
0.956775
0.947814
0.956775
0.984358
1.02974
1.09474
1.17797
1.28212
1.40642
1.55277
1.72204
1.91538
2.13485
2.38129
2.65582
2.96022
3.29431
3.65801
4.05006
4.46664
4.90438
5.35919
5.83043
6.31633
6.81934
7.54655
9.01454
10.4905
11.9607
13.4366
14.9085
16.3814
17.8446
19.3
19.3
17.845
16.3814
14.9116
13.4367
11.9669
10.492
9.021
7.5523
6.82576
6.32389
5.83736
5.36704
4.91213
4.47451
4.05798
3.66631
3.30247
2.96853
2.66464
2.38989
2.14334
1.92438
1.73079
1.56178
1.41578
1.29097
1.18769
1.10342
1.03941
0.993322
0.966187
0.956872
0.966187
0.993322
1.03941
1.10342
1.18769
1.29097
1.41578
1.56178
1.73079
1.92438
2.14334
2.38989
2.66464
2.96853
3.30247
3.66631
4.05798
4.47451
4.91213
5.36704
5.83736
6.32389
6.82576
7.5523
9.021
10.492
11.9669
13.4367
14.9116
16.3814
17.845
19.3
19.3
17.845
16.3833
14.9116
13.4419
11.9676
10.498
9.02476
7.5586
6.83315
6.33082
5.84531
5.37486
4.91999
4.48286
4.06622
3.67472
3.31126
2.97746
2.67363
2.39883
2.1527
1.93305
1.74012
1.57112
1.425
1.30087
1.19669
1.11344
1.04856
1.00319
0.975475
0.966707
0.975475
1.00319
1.04856
1.11344
1.19669
1.30087
1.425
1.57112
1.74012
1.93305
2.1527
2.39883
2.67363
2.97746
3.31126
3.67472
4.06622
4.48286
4.91999
5.37486
5.84531
6.33082
6.83315
7.5586
9.02476
10.498
11.9676
13.4419
14.9116
16.3833
17.845
19.3
19.3
17.8462
16.3833
14.9168
13.4422
11.9744
10.5002
9.03077
7.56527
6.83994
6.33895
5.85287
5.38286
4.92836
4.49095
4.07502
3.68359
3.32037
2.98686
2.68302
2.40859
2.16164
1.943
1.74924
1.58085
1.4349
1.31033
1.207
1.12285
1.05882
1.0127
0.985814
0.976178
0.985814
1.0127
1.05882
1.12285
1.207
1.31033
1.4349
1.58085
1.74924
1.943
2.16164
2.40859
2.68302
2.98686
3.32037
3.68359
4.07502
4.49095
4.92836
5.38286
5.85287
6.33895
6.83994
7.56527
9.03077
10.5002
11.9744
13.4422
14.9168
16.3833
17.8462
19.3
19.3
17.8462
16.3874
14.9169
13.4505
11.9756
10.5071
9.03546
7.57192
6.84801
6.3463
5.86123
5.39095
4.93653
4.49981
4.08373
3.69293
3.3299
2.99651
2.69299
2.41806
2.17216
1.95213
1.75978
1.59056
1.44497
1.32077
1.21682
1.13346
1.06868
1.0234
0.99555
0.987127
0.99555
1.0234
1.06868
1.13346
1.21682
1.32077
1.44497
1.59056
1.75978
1.95213
2.17216
2.41806
2.69299
2.99651
3.3299
3.69293
4.08373
4.49981
4.93653
5.39095
5.86123
6.3463
6.84801
7.57192
9.03546
10.5071
11.9756
13.4505
14.9169
16.3874
17.8462
19.3
19.3
17.8481
16.3874
14.9244
13.451
11.9842
10.5101
9.04203
7.57919
6.85542
6.35484
5.86916
5.3995
4.94518
4.50857
4.09316
3.70241
3.33971
3.00651
2.70285
2.42871
2.18165
1.96345
1.76937
1.6015
1.45529
1.33117
1.22769
1.14382
1.07962
1.03366
1.00686
0.997204
1.00686
1.03366
1.07962
1.14382
1.22769
1.33117
1.45529
1.6015
1.76937
1.96345
2.18165
2.42871
2.70285
3.00651
3.33971
3.70241
4.09316
4.50857
4.94518
5.3995
5.86916
6.35484
6.85542
7.57919
9.04203
10.5101
11.9842
13.451
14.9244
16.3874
17.8481
19.3
19.3
17.8481
16.3915
14.9245
13.4592
11.9859
10.5169
9.04743
7.58648
6.86373
6.36297
5.87804
5.40808
4.95426
4.51789
4.10271
3.71228
3.34973
3.01655
2.71337
2.43859
2.19319
1.97317
1.78123
1.61164
1.46651
1.34198
1.23866
1.15492
1.09059
1.04498
1.01761
1.00883
1.01761
1.04498
1.09059
1.15492
1.23866
1.34198
1.46651
1.61164
1.78123
1.97317
2.19319
2.43859
2.71337
3.01655
3.34973
3.71228
4.10271
4.51789
4.95426
5.40808
5.87804
6.36297
6.86373
7.58648
9.04743
10.5169
11.9859
13.4592
14.9245
16.3915
17.8481
19.3
19.3
17.8493
16.3916
14.9294
13.4601
11.9919
10.5208
9.05357
7.5941
6.87209
6.37182
5.8869
5.41754
4.9636
4.5278
4.11258
3.72253
3.35988
3.02707
2.7235
2.44995
2.20315
1.98543
1.79138
1.62368
1.47714
1.35368
1.24973
1.16664
1.10183
1.0566
1.02909
1.02033
1.02909
1.0566
1.10183
1.16664
1.24973
1.35368
1.47714
1.62368
1.79138
1.98543
2.20315
2.44995
2.7235
3.02707
3.35988
3.72253
4.11258
4.5278
4.9636
5.41754
5.8869
6.37182
6.87209
7.5941
9.05357
10.5208
11.9919
13.4601
14.9294
16.3916
17.8493
19.3
19.3
17.8495
16.3933
14.9304
13.4639
11.9951
10.5253
9.06043
7.60193
6.88084
6.38109
5.89642
5.42722
4.97387
4.53778
4.12332
3.73274
3.37077
3.03747
2.73484
2.46018
2.21541
1.99575
1.80385
1.63443
1.48946
1.36469
1.26217
1.17781
1.11429
1.06786
1.04153
1.03165
1.04153
1.06786
1.11429
1.17781
1.26217
1.36469
1.48946
1.63443
1.80385
1.99575
2.21541
2.46018
2.73484
3.03747
3.37077
3.73274
4.12332
4.53778
4.97387
5.42722
5.89642
6.38109
6.88084
7.60193
9.06043
10.5253
11.9951
13.4639
14.9304
16.3933
17.8495
19.3
19.3
17.8497
16.3947
14.9317
13.4674
11.9977
10.5325
9.06602
7.61102
6.89021
6.39056
5.90664
5.4375
4.98435
4.54894
4.13369
3.74431
3.38136
3.04923
2.74546
2.47255
2.22592
2.00845
1.81494
1.64694
1.50084
1.3776
1.27343
1.19103
1.12551
1.0812
1.05266
1.04508
1.05266
1.0812
1.12551
1.19103
1.27343
1.3776
1.50084
1.64694
1.81494
2.00845
2.22592
2.47255
2.74546
3.04923
3.38136
3.74431
4.13369
4.54894
4.98435
5.4375
5.90664
6.39056
6.89021
7.61102
9.06602
10.5325
11.9977
13.4674
14.9317
16.3947
17.8497
19.3
19.3
17.8513
16.3949
14.9365
13.4684
12.006
10.5358
9.07677
7.61956
6.90014
6.40115
5.91672
5.44874
4.99544
4.55989
4.14581
3.75503
3.39385
3.06025
2.75827
2.4834
2.2391
2.01974
1.82765
1.65908
1.51369
1.38951
1.28709
1.20244
1.13966
1.09236
1.0671
1.05614
1.0671
1.09236
1.13966
1.20244
1.28709
1.38951
1.51369
1.65908
1.82765
2.01974
2.2391
2.4834
2.75827
3.06025
3.39385
3.75503
4.14581
4.55989
4.99544
5.44874
5.91672
6.40115
6.90014
7.61956
9.07677
10.5358
12.006
13.4684
14.9365
16.3949
17.8513
19.3
19.3
17.8513
16.4003
14.9367
13.4781
12.0075
10.5486
9.08277
7.63097
6.91069
6.41132
5.92856
5.45937
5.00741
4.57188
4.15702
3.76806
3.40508
3.07361
2.76965
2.49718
2.2505
2.03326
1.84023
1.67189
1.52675
1.40297
1.29927
1.21708
1.15104
1.10772
1.0783
1.07166
1.0783
1.10772
1.15104
1.21708
1.29927
1.40297
1.52675
1.67189
1.84023
2.03326
2.2505
2.49718
2.76965
3.07361
3.40508
3.76806
4.15702
4.57188
5.00741
5.45937
5.92856
6.41132
6.91069
7.63097
9.08277
10.5486
12.0075
13.4781
14.9367
16.4003
17.8513
19.3
19.3
17.8549
16.4003
14.9469
13.4787
12.0214
10.5522
9.09668
7.6406
6.92147
6.42326
5.93888
5.47221
5.01866
4.58422
4.16985
3.77968
3.41881
3.08542
2.78373
2.50897
2.265
2.04575
1.85383
1.68573
1.5399
1.41653
1.31368
1.22918
1.16704
1.11912
1.09471
1.08316
1.09471
1.11912
1.16704
1.22918
1.31368
1.41653
1.5399
1.68573
1.85383
2.04575
2.265
2.50897
2.78373
3.08542
3.41881
3.77968
4.16985
4.58422
5.01866
5.47221
5.93888
6.42326
6.92147
7.6406
9.09668
10.5522
12.0214
13.4787
14.9469
16.4003
17.8549
19.3
19.3
17.855
16.4084
14.9471
13.4921
12.0232
10.5671
9.10357
7.65243
6.93316
6.43367
5.95192
5.48283
5.0322
4.59612
4.18261
3.79317
3.43108
3.09957
2.79612
2.52378
2.27748
2.06061
1.86765
1.69942
1.55463
1.43042
1.32725
1.24508
1.17894
1.13626
1.10659
1.10021
1.10659
1.13626
1.17894
1.24508
1.32725
1.43042
1.55463
1.69942
1.86765
2.06061
2.27748
2.52378
2.79612
3.09957
3.43108
3.79317
4.18261
4.59612
5.0322
5.48283
5.95192
6.43367
6.93316
7.65243
9.10357
10.5671
12.0232
13.4921
14.9471
16.4084
17.855
19.3
19.3
17.8587
16.4084
14.9579
13.4928
12.0373
10.5713
9.11657
7.66305
6.94382
6.44651
5.96244
5.49685
5.04319
4.61045
4.19511
3.8066
3.44506
3.1126
2.81078
2.53675
2.293
2.07413
1.88255
1.71448
1.56864
1.44554
1.34249
1.25827
1.1963
1.14857
1.12413
1.1129
1.12413
1.14857
1.1963
1.25827
1.34249
1.44554
1.56864
1.71448
1.88255
2.07413
2.293
2.53675
2.81078
3.1126
3.44506
3.8066
4.19511
4.61045
5.04319
5.49685
5.96244
6.44651
6.94382
7.66305
9.11657
10.5713
12.0373
13.4928
14.9579
16.4084
17.8587
19.3
19.3
17.8587
16.4146
14.9581
13.5047
12.0393
10.5845
9.12421
7.67404
6.95651
6.45721
5.97641
5.5077
5.05853
4.62185
4.21036
3.81984
3.4591
3.12718
2.82449
2.55226
2.30664
2.09002
1.89739
1.72932
1.58461
1.46044
1.3574
1.27523
1.20955
1.16654
1.1376
1.13052
1.1376
1.16654
1.20955
1.27523
1.3574
1.46044
1.58461
1.72932
1.89739
2.09002
2.30664
2.55226
2.82449
3.12718
3.4591
3.81984
4.21036
4.62185
5.05853
5.5077
5.97641
6.45721
6.95651
7.67404
9.12421
10.5845
12.0393
13.5047
14.9581
16.4146
17.8587
19.3
19.3
17.8607
16.4146
14.966
13.5055
12.052
10.5892
9.1361
7.68587
6.96734
6.4713
5.98766
5.52325
5.06963
4.63864
4.22254
3.83559
3.47349
3.14174
2.84003
2.56652
2.323
2.10469
1.91324
1.74546
1.59986
1.47662
1.37389
1.28992
1.22762
1.18086
1.15551
1.14532
1.15551
1.18086
1.22762
1.28992
1.37389
1.47662
1.59986
1.74546
1.91324
2.10469
2.323
2.56652
2.84003
3.14174
3.47349
3.83559
4.22254
4.63864
5.06963
5.52325
5.98766
6.4713
6.96734
7.68587
9.1361
10.5892
12.052
13.5055
14.966
16.4146
17.8607
19.3
19.3
17.8608
16.4182
14.9663
13.5157
12.0544
10.6019
9.14496
7.69698
6.98181
6.48282
6.00327
5.53495
5.08699
4.65029
4.24003
3.84935
3.48923
3.15751
2.85507
2.58313
2.33791
2.12136
1.92919
1.76142
1.61657
1.49312
1.38986
1.3079
1.24301
1.19918
1.17135
1.16332
1.17135
1.19918
1.24301
1.3079
1.38986
1.49312
1.61657
1.76142
1.92919
2.12136
2.33791
2.58313
2.85507
3.15751
3.48923
3.84935
4.24003
4.65029
5.08699
5.53495
6.00327
6.48282
6.98181
7.69698
9.14496
10.6019
12.0544
13.5157
14.9663
16.4182
17.8608
19.3
19.3
17.8618
16.4188
14.9726
13.5168
12.0668
10.6076
9.15713
7.71085
6.99344
6.4989
6.01575
5.55221
5.09919
4.66873
4.25324
3.86653
3.50503
3.17334
2.87209
2.59875
2.35524
2.13732
1.94598
1.77823
1.63351
1.5098
1.40794
1.3243
1.26172
1.2159
1.18983
1.18026
1.18983
1.2159
1.26172
1.3243
1.40794
1.5098
1.63351
1.77823
1.94598
2.13732
2.35524
2.59875
2.87209
3.17334
3.50503
3.86653
4.25324
4.66873
5.09919
5.55221
6.01575
6.4989
6.99344
7.71085
9.15713
10.6076
12.0668
13.5168
14.9726
16.4188
17.8618
19.3
19.3
17.8628
16.4219
14.9741
13.5274
12.0699
10.6214
9.16751
7.72309
7.00986
6.5118
6.03301
5.56561
5.11774
4.68222
4.27158
3.88215
3.52173
3.19081
2.88849
2.61665
2.37176
2.15497
1.96298
1.79583
1.65058
1.52828
1.425
1.34344
1.27923
1.235
1.20746
1.19931
1.20746
1.235
1.27923
1.34344
1.425
1.52828
1.65058
1.79583
1.96298
2.15497
2.37176
2.61665
2.88849
3.19081
3.52173
3.88215
4.27158
4.68222
5.11774
5.56561
6.03301
6.5118
7.00986
7.72309
9.16751
10.6214
12.0699
13.5274
14.9741
16.4219
17.8628
19.3
19.3
17.8643
16.4251
14.982
13.5302
12.085
10.628
9.18235
7.7383
7.02347
6.5292
6.0475
5.58392
5.13232
4.70117
4.28733
3.89979
3.53955
3.20778
2.90697
2.63403
2.39012
2.17261
1.9813
1.81349
1.66969
1.54583
1.44473
1.36158
1.29899
1.25334
1.22733
1.21742
1.22733
1.25334
1.29899
1.36158
1.44473
1.54583
1.66969
1.81349
1.9813
2.17261
2.39012
2.63403
2.90697
3.20778
3.53955
3.89979
4.28733
4.70117
5.13232
5.58392
6.0475
6.5292
7.02347
7.7383
9.18235
10.628
12.085
13.5302
14.982
16.4251
17.8643
19.3
19.3
17.8678
16.4301
14.9872
13.5441
12.0897
10.646
9.19337
7.75389
7.04045
6.54465
6.06555
5.59985
5.15141
4.71752
4.30591
3.91794
3.55705
3.22693
2.92493
2.65304
2.40871
2.19154
1.99996
1.83318
1.68797
1.56635
1.46339
1.38204
1.31814
1.27397
1.24609
1.23833
1.24609
1.27397
1.31814
1.38204
1.46339
1.56635
1.68797
1.83318
1.99996
2.19154
2.40871
2.65304
2.92493
3.22693
3.55705
3.91794
4.30591
4.71752
5.15141
5.59985
6.06555
6.54465
7.04045
7.75389
9.19337
10.646
12.0897
13.5441
14.9872
16.4301
17.8678
19.3
19.3
17.8699
16.4375
14.9971
13.5505
12.1077
10.654
9.212
7.76902
7.05732
6.56227
6.0827
5.6188
5.16868
4.73693
4.32436
3.93623
3.57687
3.24521
2.94469
2.6723
2.42822
2.21137
2.02003
1.85263
1.70927
1.58565
1.48481
1.40198
1.33939
1.29377
1.26787
1.25774
1.26787
1.29377
1.33939
1.40198
1.48481
1.58565
1.70927
1.85263
2.02003
2.21137
2.42822
2.6723
2.94469
3.24521
3.57687
3.93623
4.32436
4.73693
5.16868
5.6188
6.0827
6.56227
7.05732
7.76902
9.212
10.654
12.1077
13.5505
14.9971
16.4375
17.8699
19.3
19.3
17.8754
16.4423
15.0062
13.5637
12.116
10.6724
9.22421
7.78749
7.07429
6.58055
6.10133
5.63712
5.18864
4.75569
4.34383
3.95651
3.5956
3.26586
2.96421
2.69251
2.44878
2.23179
2.04078
1.87437
1.7295
1.60818
1.50545
1.42405
1.36042
1.31604
1.28849
1.28039
1.28849
1.31604
1.36042
1.42405
1.50545
1.60818
1.7295
1.87437
2.04078
2.23179
2.44878
2.69251
2.96421
3.26586
3.5956
3.95651
4.34383
4.75569
5.18864
5.63712
6.10133
6.58055
7.07429
7.78749
9.22421
10.6724
12.116
13.5637
15.0062
16.4423
17.8754
19.3
19.3
17.8768
16.4509
15.0131
13.5738
12.1293
10.6845
9.24178
7.8037
7.09356
6.59894
6.12072
5.65724
5.20794
4.77645
4.36424
3.97638
3.6171
3.28565
2.98542
2.71334
2.46983
2.25338
2.06281
1.8957
1.75286
1.62953
1.52873
1.44621
1.38326
1.33827
1.31159
1.30245
1.31159
1.33827
1.38326
1.44621
1.52873
1.62953
1.75286
1.8957
2.06281
2.25338
2.46983
2.71334
2.98542
3.28565
3.6171
3.97638
4.36424
4.77645
5.20794
5.65724
6.12072
6.59894
7.09356
7.8037
9.24178
10.6845
12.1293
13.5738
15.0131
16.4509
17.8768
19.3
19.3
17.881
16.4539
15.0226
13.5814
12.1427
10.6973
9.25822
7.8226
7.11233
6.61931
6.14098
5.67753
5.22963
4.79699
4.38582
3.99823
3.6379
3.30796
3.00655
2.73542
2.49183
2.27604
2.08503
1.91966
1.775
1.65403
1.55174
1.47016
1.40701
1.36189
1.33544
1.326
1.33544
1.36189
1.40701
1.47016
1.55174
1.65403
1.775
1.91966
2.08503
2.27604
2.49183
2.73542
3.00655
3.30796
3.6379
3.99823
4.38582
4.79699
5.22963
5.67753
6.14098
6.61931
7.11233
7.8226
9.25822
10.6973
12.1427
13.5814
15.0226
16.4539
17.881
19.3
19.3
17.8827
16.4596
15.0278
13.5937
12.1507
10.7154
9.27311
7.8425
7.13314
6.6402
6.16247
5.69972
5.25091
4.82013
4.40764
4.02084
3.66086
3.33009
3.02982
2.75791
2.51552
2.29894
2.10981
1.94264
1.80052
1.67776
1.57709
1.49496
1.43184
1.38731
1.35973
1.3517
1.35973
1.38731
1.43184
1.49496
1.57709
1.67776
1.80052
1.94264
2.10981
2.29894
2.51552
2.75791
3.02982
3.33009
3.66086
4.02084
4.40764
4.82013
5.25091
5.69972
6.16247
6.6402
7.13314
7.8425
9.27311
10.7154
12.1507
13.5937
15.0278
16.4596
17.8827
19.3
19.3
17.8845
16.4646
15.036
13.6007
12.1684
10.7257
9.29482
7.862
7.15538
6.66259
6.18536
5.72245
5.275
4.84248
4.43226
4.04387
3.6848
3.35415
3.05348
2.78274
2.53929
2.32475
2.13369
1.9692
1.82508
1.70434
1.60275
1.52145
1.45824
1.41323
1.38691
1.37703
1.38691
1.41323
1.45824
1.52145
1.60275
1.70434
1.82508
1.9692
2.13369
2.32475
2.53929
2.78274
3.05348
3.35415
3.6848
4.04387
4.43226
4.84248
5.275
5.72245
6.18536
6.66259
7.15538
7.862
9.29482
10.7257
12.1684
13.6007
15.036
16.4646
17.8845
19.3
19.3
17.8881
16.4686
15.0444
13.6146
12.1773
10.748
9.31008
7.88591
7.17801
6.68673
6.20944
5.74725
5.29892
4.86855
4.45573
4.07001
3.70916
3.37969
3.07907
2.80796
2.5661
2.34985
2.16139
1.99481
1.85285
1.73108
1.63064
1.54871
1.48636
1.44118
1.41425
1.40571
1.41425
1.44118
1.48636
1.54871
1.63064
1.73108
1.85285
1.99481
2.16139
2.34985
2.5661
2.80796
3.07907
3.37969
3.70916
4.07001
4.45573
4.86855
5.29892
5.74725
6.20944
6.68673
7.17801
7.88591
9.31008
10.748
12.1773
13.6146
15.0444
16.4686
17.8881
19.3
19.3
17.8897
16.4762
15.0534
13.6249
12.1969
10.7607
9.33458
7.90741
7.2036
6.71161
6.23539
5.77301
5.32584
4.89357
4.4836
4.09495
3.73679
3.40566
3.10616
2.83546
2.59281
2.3786
2.18827
2.02388
1.88083
1.76014
1.65926
1.57862
1.51497
1.47121
1.44381
1.43514
1.44381
1.47121
1.51497
1.57862
1.65926
1.76014
1.88083
2.02388
2.18827
2.3786
2.59281
2.83546
3.10616
3.40566
3.73679
4.09495
4.4836
4.89357
5.32584
5.77301
6.23539
6.71161
7.2036
7.90741
9.33458
10.7607
12.1969
13.6249
15.0534
16.4762
17.8897
19.3
19.3
17.8934
16.4812
15.0634
13.6396
12.21
10.7831
9.35378
7.93356
7.22911
6.73893
6.26251
5.801
5.35306
4.92263
4.5102
4.12434
3.76359
3.43476
3.13413
2.86396
2.62238
2.40687
2.21863
2.05305
1.91125
1.79044
1.69039
1.60869
1.54731
1.50146
1.47591
1.46613
1.47591
1.50146
1.54731
1.60869
1.69039
1.79044
1.91125
2.05305
2.21863
2.40687
2.62238
2.86396
3.13413
3.43476
3.76359
4.12434
4.5102
4.92263
5.35306
5.801
6.26251
6.73893
7.22911
7.93356
9.35378
10.7831
12.21
13.6396
15.0634
16.4812
17.8934
19.3
19.3
17.8955
16.4875
15.0728
13.6527
12.2276
10.8026
9.37743
7.9597
7.25727
6.76728
6.29194
5.83016
5.38337
4.95154
4.54096
4.15299
3.79442
3.46358
3.16462
2.89425
2.65221
2.43849
2.24887
2.08503
1.94292
1.82285
1.72258
1.64249
1.579
1.53607
1.50816
1.50049
1.50816
1.53607
1.579
1.64249
1.72258
1.82285
1.94292
2.08503
2.24887
2.43849
2.65221
2.89425
3.16462
3.46358
3.79442
4.15299
4.54096
4.95154
5.38337
5.83016
6.29194
6.76728
7.25727
7.9597
9.37743
10.8026
12.2276
13.6527
15.0728
16.4875
17.8955
19.3
19.3
17.8978
16.4926
15.0827
13.665
12.2477
10.8215
9.40479
7.98692
7.28758
6.79792
6.32278
5.86212
5.41449
4.9839
4.57202
4.18524
3.82508
3.49605
3.19576
2.926
2.685
2.46997
2.28248
2.11773
1.97693
1.85688
1.75756
1.67649
1.61533
1.57004
1.54473
1.53493
1.54473
1.57004
1.61533
1.67649
1.75756
1.85688
1.97693
2.11773
2.28248
2.46997
2.685
2.926
3.19576
3.49605
3.82508
4.18524
4.57202
4.9839
5.41449
5.86212
6.32278
6.79792
7.28758
7.98692
9.40479
10.8215
12.2477
13.665
15.0827
16.4926
17.8978
19.3
19.3
17.9005
16.4981
15.0912
13.6822
12.2619
10.8502
9.42769
8.0198
7.31883
6.83098
6.3565
5.89523
5.44899
5.01715
4.60591
4.21832
3.85919
3.52875
3.22981
2.9599
2.71832
2.5052
2.31644
2.15349
2.01241
1.89336
1.79389
1.71417
1.65178
1.60847
1.58163
1.57338
1.58163
1.60847
1.65178
1.71417
1.79389
1.89336
2.01241
2.15349
2.31644
2.5052
2.71832
2.9599
3.22981
3.52875
3.85919
4.21832
4.60591
5.01715
5.44899
5.89523
6.3565
6.83098
7.31883
8.0198
9.42769
10.8502
12.2619
13.6822
15.0912
16.4981
17.9005
19.3
19.3
17.9031
16.5058
15.1034
13.6947
12.2884
10.8696
9.46234
8.05031
7.35484
6.8661
6.39194
5.93213
5.48425
5.05339
4.64078
4.2537
3.89404
3.56495
3.26511
2.99568
2.75503
2.5411
2.35397
2.1906
2.05063
1.93167
1.83319
1.7532
1.69194
1.6482
1.62208
1.61347
1.62208
1.6482
1.69194
1.7532
1.83319
1.93167
2.05063
2.1906
2.35397
2.5411
2.75503
2.99568
3.26511
3.56495
3.89404
4.2537
4.64078
5.05339
5.48425
5.93213
6.39194
6.8661
7.35484
8.05031
9.46234
10.8696
12.2884
13.6947
15.1034
16.5058
17.9031
19.3
19.3
17.9098
16.5138
15.1178
13.7159
12.3074
10.9029
9.49036
8.08871
7.39112
6.90463
6.43105
5.96981
5.52358
5.08965
4.67705
4.28931
3.93151
3.60215
3.30344
3.03398
2.79342
2.58033
2.39334
2.23066
2.09105
1.97293
1.87448
1.79548
1.73442
1.6909
1.66538
1.65637
1.66538
1.6909
1.73442
1.79548
1.87448
1.97293
2.09105
2.23066
2.39334
2.58033
2.79342
3.03398
3.30344
3.60215
3.93151
4.28931
4.67705
5.08965
5.52358
5.96981
6.43105
6.90463
7.39112
8.08871
9.49036
10.9029
12.3074
13.7159
15.1178
16.5138
17.9098
19.3
19.3
17.9141
16.53
15.1334
13.7378
12.3361
10.9307
9.5284
8.12558
7.43301
6.94548
6.47204
6.01246
5.5624
5.12848
4.7099
4.32504
3.96918
3.64229
3.34381
3.07496
2.8346
2.62237
2.4353
2.27368
2.13444
2.01662
1.91935
1.84032
1.77988
1.73716
1.71122
1.70302
1.71122
1.73716
1.77988
1.84032
1.91935
2.01662
2.13444
2.27368
2.4353
2.62237
2.8346
3.07496
3.34381
3.64229
3.96918
4.32504
4.7099
5.12848
5.5624
6.01246
6.47204
6.94548
7.43301
8.12558
9.5284
10.9307
12.3361
13.7378
15.1334
16.53
17.9141
19.3
19.3
17.9258
16.54
15.1578
13.7602
12.3653
10.9656
9.56436
8.16947
7.47557
6.99058
6.51754
6.05542
5.60662
5.16359
4.73749
4.35496
4.00851
3.68406
3.38711
3.11869
2.8793
2.66657
2.48129
2.31936
2.18103
2.06424
1.96671
1.88912
1.82885
1.78644
1.76105
1.75269
1.76105
1.78644
1.82885
1.88912
1.96671
2.06424
2.18103
2.31936
2.48129
2.66657
2.8793
3.11869
3.38711
3.68406
4.00851
4.35496
4.73749
5.16359
5.60662
6.05542
6.51754
6.99058
7.47557
8.16947
9.56436
10.9656
12.3653
13.7602
15.1578
16.54
17.9258
19.3
19.3
17.9301
16.5615
15.1728
13.7902
12.3945
11.0007
9.60716
8.2129
7.52474
7.03841
6.56548
6.10519
5.64971
5.20325
4.77293
4.39377
4.0488
3.72855
3.43337
3.16595
2.92648
2.71554
2.52956
2.36924
2.2315
2.11481
2.01904
1.94102
1.88198
1.83962
1.81494
1.8061
1.81494
1.83962
1.88198
1.94102
2.01904
2.11481
2.2315
2.36924
2.52956
2.71554
2.92648
3.16595
3.43337
3.72855
4.0488
4.39377
4.77293
5.20325
5.64971
6.10519
6.56548
7.03841
7.52474
8.2129
9.60716
11.0007
12.3945
13.7902
15.1728
16.5615
17.9301
19.3
19.3
17.9418
16.5693
15.2001
13.8115
12.4283
11.0404
9.64815
8.26472
7.57485
7.09149
6.6193
6.15547
5.70229
5.24719
4.81914
4.43239
4.08923
3.77505
3.48266
3.21653
2.97841
2.76711
2.58293
2.42277
2.28584
2.17065
2.07462
1.99822
1.93902
1.89782
1.87246
1.86499
1.87246
1.89782
1.93902
1.99822
2.07462
2.17065
2.28584
2.42277
2.58293
2.76711
2.97841
3.21653
3.48266
3.77505
4.08923
4.43239
4.81914
5.24719
5.70229
6.15547
6.6193
7.09149
7.57485
8.26472
9.64815
11.0404
12.4283
13.8115
15.2001
16.5693
17.9418
19.3
19.3
17.945
16.589
15.214
13.8425
12.4625
11.0775
9.70033
8.31532
7.63279
7.14872
6.67574
6.21432
5.75402
5.30033
4.8685
4.48202
4.13634
3.82445
3.5354
3.27116
3.03385
2.82404
2.64003
2.48119
2.34526
2.23056
2.136
2.05976
2.00164
1.96027
1.93638
1.92752
1.93638
1.96027
2.00164
2.05976
2.136
2.23056
2.34526
2.48119
2.64003
2.82404
3.03385
3.27116
3.5354
3.82445
4.13634
4.48202
4.8685
5.30033
5.75402
6.21432
6.67574
7.14872
7.63279
8.31532
9.70033
11.0775
12.4625
13.8425
15.214
16.589
17.945
19.3
19.3
17.9542
16.5984
15.2388
13.8706
12.4949
11.1292
9.74513
8.37737
7.69337
7.21129
6.74001
6.27345
5.81329
5.34972
4.92567
4.53668
4.18619
3.87404
3.59096
3.32962
3.09416
2.88523
2.70265
2.54453
2.40988
2.29621
2.20252
2.12714
2.06968
2.02925
2.0048
1.99736
2.0048
2.02925
2.06968
2.12714
2.20252
2.29621
2.40988
2.54453
2.70265
2.88523
3.09416
3.32962
3.59096
3.87404
4.18619
4.53668
4.92567
5.34972
5.81329
6.27345
6.74001
7.21129
7.69337
8.37737
9.74513
11.1292
12.4949
13.8706
15.2388
16.5984
17.9542
19.3
19.3
17.9604
16.6141
15.2621
13.8971
12.5445
11.1657
9.81091
8.43792
7.7621
7.28092
6.8075
6.34215
5.87088
5.41279
4.98847
4.59953
4.24558
3.93166
3.64984
3.39215
3.15897
2.95206
2.77042
2.61411
2.48003
2.36812
2.27506
2.20105
2.14411
2.10424
2.08069
2.07257
2.08069
2.10424
2.14411
2.20105
2.27506
2.36812
2.48003
2.61411
2.77042
2.95206
3.15897
3.39215
3.64984
3.93166
4.24558
4.59953
4.98847
5.41279
5.87088
6.34215
6.8075
7.28092
7.7621
8.43792
9.81091
11.1657
12.5445
13.8971
15.2621
16.6141
17.9604
19.3
19.3
17.9672
16.6323
15.2816
13.9419
12.5726
11.2341
9.86183
8.51268
7.83634
7.35635
6.88532
6.41568
5.9443
5.48379
5.06056
4.66957
4.31315
3.99209
3.71019
3.45723
3.22917
3.02421
2.84519
2.68928
2.55786
2.44611
2.35523
2.28169
2.22613
2.18663
2.16346
2.15567
2.16346
2.18663
2.22613
2.28169
2.35523
2.44611
2.55786
2.68928
2.84519
3.02421
3.22917
3.45723
3.71019
3.99209
4.31315
4.66957
5.06056
5.48379
5.9443
6.41568
6.88532
7.35635
7.83634
8.51268
9.86183
11.2341
12.5726
13.9419
15.2816
16.6323
17.9672
19.3
19.3
17.9773
16.6445
15.3171
13.9637
12.6383
11.2739
9.9414
8.58686
7.91944
7.4413
6.96898
6.50084
6.0258
5.56556
5.14067
4.74867
4.38868
4.0653
3.77604
3.52685
3.3038
3.10378
2.92583
2.77361
2.64178
2.53338
2.44263
2.37122
2.31593
2.27776
2.25436
2.24723
2.25436
2.27776
2.31593
2.37122
2.44263
2.53338
2.64178
2.77361
2.92583
3.10378
3.3038
3.52685
3.77604
4.0653
4.38868
4.74867
5.14067
5.56556
6.0258
6.50084
6.96898
7.4413
7.91944
8.58686
9.9414
11.2739
12.6383
13.9637
15.3171
16.6445
17.9773
19.3
19.3
17.983
16.6667
15.3344
14.0175
12.6692
11.3526
10.005
8.67612
8.01033
7.53412
7.06356
6.59334
6.11777
5.65618
5.23054
4.83632
4.47553
4.14711
3.8581
3.60495
3.38688
3.18897
3.01639
2.86426
2.73712
2.62804
2.54069
2.46943
2.41621
2.37755
2.35589
2.34744
2.35589
2.37755
2.41621
2.46943
2.54069
2.62804
2.73712
2.86426
3.01639
3.18897
3.38688
3.60495
3.8581
4.14711
4.47553
4.83632
5.23054
5.65618
6.11777
6.59334
7.06356
7.53412
8.01033
8.67612
10.005
11.3526
12.6692
14.0175
15.3344
16.6667
17.983
19.3
19.3
17.9923
16.6793
15.3695
14.0433
12.7369
11.4048
10.0933
8.76805
8.11169
7.63748
7.16714
6.69593
6.21756
5.75687
5.33061
4.9353
4.57109
4.24327
3.94808
3.69352
3.47251
3.28316
3.1135
2.9676
2.84007
2.73578
2.64824
2.57987
2.52633
2.49018
2.46681
2.46083
2.46681
2.49018
2.52633
2.57987
2.64824
2.73578
2.84007
2.9676
3.1135
3.28316
3.47251
3.69352
3.94808
4.24327
4.57109
4.9353
5.33061
5.75687
6.21756
6.69593
7.16714
7.63748
8.11169
8.76805
10.0933
11.4048
12.7369
14.0433
15.3695
16.6793
17.9923
19.3
19.3
17.9989
16.697
15.391
14.0909
12.7785
11.483
10.1739
8.87302
8.22289
7.75251
7.28204
6.80752
6.32324
5.86898
5.44308
5.04577
4.68108
4.34873
4.05527
3.79433
3.5721
3.38266
3.2229
3.07932
2.95785
2.85377
2.76995
2.70202
2.65127
2.61377
2.59363
2.58477
2.59363
2.61377
2.65127
2.70202
2.76995
2.85377
2.95785
3.07932
3.2229
3.38266
3.5721
3.79433
4.05527
4.34873
4.68108
5.04577
5.44308
5.86898
6.32324
6.80752
7.28204
7.75251
8.22289
8.87302
10.1739
11.483
12.7785
14.0909
15.391
16.697
17.9989
19.3
19.3
18.0055
16.712
15.418
14.1235
12.8386
11.5472
10.2679
8.98499
8.34747
7.88018
7.41111
6.92923
6.44911
5.99743
5.57082
5.17206
4.8038
4.47242
4.17414
3.91521
3.68855
3.49832
3.34234
3.20577
3.08684
2.9875
2.90549
2.84044
2.7899
2.75557
2.73316
2.72768
2.73316
2.75557
2.7899
2.84044
2.90549
2.9875
3.08684
3.20577
3.34234
3.49832
3.68855
3.91521
4.17414
4.47242
4.8038
5.17206
5.57082
5.99743
6.44911
6.92923
7.41111
7.88018
8.34747
8.98499
10.2679
11.5472
12.8386
14.1235
15.418
16.712
18.0055
19.3
19.3
18.0123
16.7242
15.4409
14.1617
12.8839
11.6223
10.3596
9.10901
8.48497
8.02567
7.55757
7.07513
6.59687
6.14537
5.71791
5.3157
4.94664
4.61092
4.31499
4.0523
3.82694
3.63402
3.47391
3.3448
3.23118
3.1366
3.05789
2.9957
2.94786
2.91335
2.89413
2.88617
2.89413
2.91335
2.94786
2.9957
3.05789
3.1366
3.23118
3.3448
3.47391
3.63402
3.82694
4.0523
4.31499
4.61092
4.94664
5.3157
5.71791
6.14537
6.59687
7.07513
7.55757
8.02567
8.48497
9.10901
10.3596
11.6223
12.8839
14.1617
15.4409
16.7242
18.0123
19.3
19.3
18.0156
16.7356
15.4588
14.1888
12.935
11.6842
10.4583
9.24
8.64132
8.18891
7.72554
7.24276
6.76734
6.31755
5.8869
5.48316
5.10955
4.77463
4.47455
4.21455
3.98749
3.79428
3.63276
3.49847
3.3913
3.30194
3.22946
3.17035
3.12571
3.09427
3.07492
3.06919
3.07492
3.09427
3.12571
3.17035
3.22946
3.30194
3.3913
3.49847
3.63276
3.79428
3.98749
4.21455
4.47455
4.77463
5.10955
5.48316
5.8869
6.31755
6.76734
7.24276
7.72554
8.18891
8.64132
9.24
10.4583
11.6842
12.935
14.1888
15.4588
16.7356
18.0156
19.3
19.3
18.0172
16.7383
15.4683
14.2129
12.9659
11.7502
10.5454
9.37923
8.81688
8.37755
7.91515
7.42958
6.96526
6.51571
6.08484
5.6763
5.30191
4.96243
4.66469
4.40181
4.17675
3.98392
3.82084
3.68736
3.57573
3.4883
3.41896
3.36795
3.32669
3.29932
3.28254
3.27691
3.28254
3.29932
3.32669
3.36795
3.41896
3.4883
3.57573
3.68736
3.82084
3.98392
4.17675
4.40181
4.66469
4.96243
5.30191
5.6763
6.08484
6.51571
6.96526
7.42958
7.91515
8.37755
8.81688
9.37923
10.5454
11.7502
12.9659
14.2129
15.4683
16.7383
18.0172
19.3
19.3
18.0126
16.732
15.4672
14.216
12.996
11.791
10.6293
9.49668
8.96265
8.52977
8.0661
7.58968
7.13002
6.68323
6.24844
5.83901
5.4602
5.12174
4.82026
4.56029
4.33423
4.1424
3.98151
3.8461
3.73739
3.64681
3.57818
3.52388
3.48964
3.46794
3.45554
3.45074
3.45554
3.46794
3.48964
3.52388
3.57818
3.64681
3.73739
3.8461
3.98151
4.1424
4.33423
4.56029
4.82026
5.12174
5.4602
5.83901
6.24844
6.68323
7.13002
7.58968
8.0661
8.52977
8.96265
9.49668
10.6293
11.791
12.996
14.216
15.4672
16.732
18.0126
19.3
19.3
17.9999
16.7142
15.4451
14.2092
12.9968
11.8272
10.6866
9.59716
9.07874
8.65606
8.19569
7.72402
7.26906
6.82043
6.38504
5.97226
5.59395
5.25242
4.95351
4.69108
4.46763
4.27655
4.11603
3.98385
3.8737
3.7865
3.71512
3.66247
3.62403
3.60556
3.59716
3.59524
3.59716
3.60556
3.62403
3.66247
3.71512
3.7865
3.8737
3.98385
4.11603
4.27655
4.46763
4.69108
4.95351
5.25242
5.59395
5.97226
6.38504
6.82043
7.26906
7.72402
8.19569
8.65606
9.07874
9.59716
10.6866
11.8272
12.9968
14.2092
15.4451
16.7142
17.9999
19.3
19.3
17.9791
16.6738
15.4065
14.1728
12.9846
11.8343
10.7312
9.67165
9.17316
8.75782
8.30322
7.83676
7.38257
6.93366
6.49348
6.08229
5.70362
5.36449
5.06367
4.80434
4.57983
4.39076
4.23188
4.10023
3.99318
3.90547
3.83687
3.78201
3.74421
3.71954
3.71255
3.71191
3.71255
3.71954
3.74421
3.78201
3.83687
3.90547
3.99318
4.10023
4.23188
4.39076
4.57983
4.80434
5.06367
5.36449
5.70362
6.08229
6.49348
6.93366
7.38257
7.83676
8.30322
8.75782
9.17316
9.67165
10.7312
11.8343
12.9846
14.1728
15.4065
16.6738
17.9791
19.3
19.3
17.9389
16.6134
15.3331
14.1112
12.9424
11.822
10.7502
9.72718
9.2446
8.83859
8.39093
7.92827
7.47609
7.02182
6.57405
6.16807
5.79484
5.45771
5.16011
4.89985
4.67794
4.48892
4.3319
4.20168
4.09602
4.0106
3.94194
3.8895
3.84878
3.8236
3.80915
3.80636
3.80915
3.8236
3.84878
3.8895
3.94194
4.0106
4.09602
4.20168
4.3319
4.48892
4.67794
4.89985
5.16011
5.45771
5.79484
6.16807
6.57405
7.02182
7.47609
7.92827
8.39093
8.83859
9.2446
9.72718
10.7502
11.822
12.9424
14.1112
15.3331
16.6134
17.9389
19.3
19.3
17.8781
16.5092
15.222
14.0121
12.8663
11.7834
10.7462
9.76152
9.29634
8.90073
8.45991
8.00315
7.55099
7.08826
6.63492
6.23086
5.86818
5.53795
5.24259
4.9849
4.76298
4.57605
4.41918
4.29155
4.18648
4.10307
4.03627
3.98308
3.94465
3.91588
3.90148
3.89533
3.90148
3.91588
3.94465
3.98308
4.03627
4.10307
4.18648
4.29155
4.41918
4.57605
4.76298
4.9849
5.24259
5.53795
5.86818
6.23086
6.63492
7.08826
7.55099
8.00315
8.45991
8.90073
9.29634
9.76152
10.7462
11.7834
12.8663
14.0121
15.222
16.5092
17.8781
19.3
19.3
17.7708
16.3505
15.0532
13.8607
12.7568
11.7093
10.7203
9.77442
9.33121
8.94497
8.51427
8.06312
7.6146
7.14983
6.69414
6.28462
5.92629
5.60728
5.31628
5.06027
4.83994
4.65334
4.49887
4.37068
4.26904
4.18566
4.12017
4.06924
4.02863
4.0027
3.98452
3.981
3.98452
4.0027
4.02863
4.06924
4.12017
4.18566
4.26904
4.37068
4.49887
4.65334
4.83994
5.06027
5.31628
5.60728
5.92629
6.28462
6.69414
7.14983
7.6146
8.06312
8.51427
8.94497
9.33121
9.77442
10.7203
11.7093
12.7568
13.8607
15.0532
16.3505
17.7708
19.3
19.3
17.589
16.097
14.805
13.6551
12.595
11.6075
10.6647
9.77114
9.34764
8.97619
8.55407
8.11181
7.66821
7.20608
6.75054
6.3406
5.98437
5.67066
5.38337
5.12907
4.91008
4.7249
4.57034
4.44537
4.34246
4.26221
4.1973
4.14572
4.10841
4.07889
4.06485
4.05686
4.06485
4.07889
4.10841
4.14572
4.1973
4.26221
4.34246
4.44537
4.57034
4.7249
4.91008
5.12907
5.38337
5.67066
5.98437
6.3406
6.75054
7.20608
7.66821
8.11181
8.55407
8.97619
9.34764
9.77114
10.6647
11.6075
12.595
13.6551
14.805
16.097
17.589
19.3
19.3
17.2462
15.702
14.4578
13.3751
12.3918
11.4668
10.5879
9.74719
9.35235
8.99273
8.58389
8.15016
7.71396
7.25627
6.8037
6.39397
6.03859
5.72897
5.44512
5.19325
4.97557
4.79106
4.63867
4.51258
4.41323
4.33182
4.26826
4.21865
4.17873
4.15377
4.13473
4.13226
4.13473
4.15377
4.17873
4.21865
4.26826
4.33182
4.41323
4.51258
4.63867
4.79106
4.97557
5.19325
5.44512
5.72897
6.03859
6.39397
6.8037
7.25627
7.71396
8.15016
8.58389
8.99273
9.35235
9.74719
10.5879
11.4668
12.3918
13.3751
14.4578
15.702
17.2462
19.3
19.3
16.5491
15.0928
13.9912
13.0311
12.1417
11.297
10.4887
9.71016
9.34291
9.00072
8.60361
8.18086
7.75278
7.30145
6.85214
6.44421
6.08398
5.78147
5.50272
5.25404
5.03746
4.85472
4.70194
4.57875
4.4777
4.39898
4.33541
4.28504
4.24837
4.2192
4.20565
4.19737
4.20565
4.2192
4.24837
4.28504
4.33541
4.39898
4.4777
4.57875
4.70194
4.85472
5.03746
5.25404
5.50272
5.78147
6.08398
6.44421
6.85214
7.30145
7.75278
8.18086
8.60361
9.00072
9.34291
9.71016
10.4887
11.297
12.1417
13.0311
13.9912
15.0928
16.5491
19.3
14.9486
14.9483
14.2319
13.4306
12.6328
11.8588
11.1078
10.3699
9.66191
9.32483
8.99961
8.61669
8.20514
7.78623
7.34175
6.89806
6.49174
6.1322
5.82689
5.55793
5.31171
5.09796
4.91486
4.76438
4.63996
4.54166
4.46176
4.39925
4.35008
4.31127
4.28599
4.26774
4.26484
4.26774
4.28599
4.31127
4.35008
4.39925
4.46176
4.54166
4.63996
4.76438
4.91486
5.09796
5.31171
5.55793
5.82689
6.1322
6.49174
6.89806
7.34175
7.78623
8.20514
8.61669
8.99961
9.32483
9.66191
10.3699
11.1078
11.8588
12.6328
13.4306
14.2319
14.9483
14.9486
13.8429
13.8374
13.4377
12.8565
12.2226
11.5645
10.8998
10.2474
9.60313
9.30097
8.99231
8.62463
8.22447
7.81553
7.37891
6.94035
6.53934
6.18109
5.87874
5.61236
5.36968
5.15545
4.97497
4.82351
4.70121
4.60164
4.5236
4.4606
4.4114
4.37419
4.34657
4.33205
4.32492
4.33205
4.34657
4.37419
4.4114
4.4606
4.5236
4.60164
4.70121
4.82351
4.97497
5.15545
5.36968
5.61236
5.87874
6.18109
6.53934
6.94035
7.37891
7.81553
8.22447
8.62463
8.99231
9.30097
9.60313
10.2474
10.8998
11.5645
12.2226
12.8565
13.4377
13.8374
13.8429
13.0076
13.0175
12.7489
12.3355
11.822
11.2699
10.6975
10.114
9.54458
9.27099
8.98236
8.62799
8.24078
7.84164
7.41296
6.98196
6.58513
6.2326
5.9337
5.66893
5.42579
5.21398
5.0326
4.88292
4.75994
4.66164
4.5827
4.52082
4.47134
4.43403
4.40773
4.39119
4.38685
4.39119
4.40773
4.43403
4.47134
4.52082
4.5827
4.66164
4.75994
4.88292
5.0326
5.21398
5.42579
5.66893
5.9337
6.2326
6.58513
6.98196
7.41296
7.84164
8.24078
8.62799
8.98236
9.27099
9.54458
10.114
10.6975
11.2699
11.822
12.3355
12.7489
13.0175
13.0076
12.3716
12.36
12.1888
11.8616
11.458
10.9918
10.4965
9.98904
9.48131
9.24197
8.96843
8.63026
8.25429
7.86532
7.4458
7.02095
6.63188
6.28498
5.99546
5.72624
5.48291
5.27074
5.09078
4.94091
4.81852
4.71999
4.64177
4.57896
4.53057
4.49281
4.46665
4.45087
4.44538
4.45087
4.46665
4.49281
4.53057
4.57896
4.64177
4.71999
4.81852
4.94091
5.09078
5.27074
5.48291
5.72624
5.99546
6.28498
6.63188
7.02095
7.4458
7.86532
8.25429
8.63026
8.96843
9.24197
9.48131
9.98904
10.4965
10.9918
11.458
11.8616
12.1888
12.36
12.3716
11.8393
11.8504
11.705
11.4637
11.1252
10.7379
10.3109
9.86783
9.42328
9.21065
8.95587
8.63024
8.26686
7.88847
7.47666
7.06072
6.6776
6.33865
6.05295
5.78215
5.53976
5.32757
5.14826
4.99852
4.87668
4.77806
4.69953
4.63746
4.58806
4.55149
4.52444
4.50925
4.50363
4.50925
4.52444
4.55149
4.58806
4.63746
4.69953
4.77806
4.87668
4.99852
5.14826
5.32757
5.53976
5.78215
6.05295
6.33865
6.6776
7.06072
7.47666
7.88847
8.26686
8.63024
8.95587
9.21065
9.42328
9.86783
10.3109
10.7379
11.1252
11.4637
11.705
11.8504
11.8393
11.4243
11.4154
11.3179
11.1107
10.8406
10.5075
10.1441
9.75709
9.36816
9.1833
8.94248
8.63134
8.27936
7.91037
7.50865
7.0991
6.7248
6.39681
6.10806
5.83891
5.59501
5.38506
5.20507
5.05655
4.934
4.83604
4.75734
4.69477
4.64632
4.60832
4.58285
4.56628
4.5618
4.56628
4.58285
4.60832
4.64632
4.69477
4.75734
4.83604
4.934
5.05655
5.20507
5.38506
5.59501
5.83891
6.10806
6.39681
6.7248
7.0991
7.50865
7.91037
8.27936
8.63134
8.94248
9.1833
9.36816
9.75709
10.1441
10.5075
10.8406
11.1107
11.3179
11.4154
11.4243
11.0648
11.0728
10.979
10.822
10.5869
10.3104
9.99334
9.65995
9.31937
9.15783
8.93225
8.63317
8.29221
7.93435
7.54069
7.13926
6.77037
6.44881
6.16259
5.89251
5.65208
5.44065
5.26309
5.11342
4.99223
4.89327
4.81501
4.7525
4.7032
4.66669
4.63929
4.62463
4.61834
4.62463
4.63929
4.66669
4.7032
4.7525
4.81501
4.89327
4.99223
5.11342
5.26309
5.44065
5.65208
5.89251
6.16259
6.44881
6.77037
7.13926
7.54069
7.93435
8.29221
8.63317
8.93225
9.15783
9.31937
9.65995
9.99334
10.3104
10.5869
10.822
10.979
11.0728
11.0648
10.7801
10.7701
10.7085
10.5651
10.3772
10.1347
9.86551
9.57333
9.27727
9.13693
8.92425
8.63686
8.30736
7.95932
7.57733
7.18085
6.81684
6.49924
6.21479
5.94785
5.70645
5.49835
5.31923
5.17155
5.04913
4.95133
4.87223
4.80978
4.76115
4.72311
4.69777
4.6807
4.67661
4.6807
4.69777
4.72311
4.76115
4.80978
4.87223
4.95133
5.04913
5.17155
5.31923
5.49835
5.70645
5.94785
6.21479
6.49924
6.81684
7.18085
7.57733
7.95932
8.30736
8.63686
8.92425
9.13693
9.27727
9.57333
9.86551
10.1347
10.3772
10.5651
10.7085
10.7701
10.7801
10.5221
10.5313
10.4648
10.3589
10.1895
9.98889
9.75255
9.5004
9.24154
9.12044
8.9192
8.64354
8.32364
7.98795
7.62208
7.22764
6.86488
6.55055
6.26783
6.00149
5.76302
5.55376
5.37732
5.22819
5.10721
5.00834
4.92978
4.86725
4.81785
4.78138
4.75383
4.73901
4.7326
4.73901
4.75383
4.78138
4.81785
4.86725
4.92978
5.00834
5.10721
5.22819
5.37732
5.55376
5.76302
6.00149
6.26783
6.55055
6.86488
7.22764
7.62208
7.98795
8.32364
8.64354
8.9192
9.12044
9.24154
9.5004
9.75255
9.98889
10.1895
10.3589
10.4648
10.5313
10.5221
10.3216
10.3136
10.2741
10.1718
10.0386
9.85949
9.659
9.4377
9.21339
9.10776
8.91848
8.6515
8.34265
8.01655
7.66329
7.28202
6.91711
6.6049
6.32218
6.05653
5.81794
5.61131
5.43346
5.2862
5.16421
5.06586
4.98713
4.92416
4.8758
4.83752
4.81211
4.79506
4.79067
4.79506
4.81211
4.83752
4.8758
4.92416
4.98713
5.06586
5.16421
5.2862
5.43346
5.61131
5.81794
6.05653
6.32218
6.6049
6.91711
7.28202
7.66329
8.01655
8.34265
8.6515
8.91848
9.10776
9.21339
9.4377
9.659
9.85949
10.0386
10.1718
10.2741
10.3136
10.3216
10.1394
10.1473
10.101
10.0264
9.90291
9.75595
9.57777
9.38772
9.1907
9.10161
8.91985
8.66421
8.3622
8.04632
7.70301
7.33164
6.97271
6.66769
6.37809
6.11176
5.87441
5.66708
5.49146
5.34322
5.22169
5.12356
5.04399
4.98216
4.93208
4.89574
4.86803
4.85292
4.84693
4.85292
4.86803
4.89574
4.93208
4.98216
5.04399
5.12356
5.22169
5.34322
5.49146
5.66708
5.87441
6.11176
6.37809
6.66769
6.97271
7.33164
7.70301
8.04632
8.3622
8.66421
8.91985
9.10161
9.1907
9.38772
9.57777
9.75595
9.90291
10.0264
10.101
10.1473
10.1394
10.0025
9.99928
9.96917
9.89629
9.7981
9.6647
9.51464
9.34565
9.17703
9.098
8.92782
8.67725
8.38594
8.07649
7.74331
7.38326
7.03475
6.72589
6.43422
6.16716
5.93016
5.72451
5.54819
5.40084
5.27977
5.18044
5.10249
5.0384
4.99046
4.95171
4.92581
4.90932
4.90413
4.90932
4.92581
4.95171
4.99046
5.0384
5.10249
5.18044
5.27977
5.40084
5.54819
5.72451
5.93016
6.16716
6.43422
6.72589
7.03475
7.38326
7.74331
8.07649
8.38594
8.67725
8.92782
9.098
9.17703
9.34565
9.51464
9.6647
9.7981
9.89629
9.96917
9.99928
10.0025
9.88445
9.88583
9.85471
9.79641
9.70647
9.59545
9.46046
9.31666
9.16665
9.10262
8.93618
8.69682
8.40919
8.10987
7.78499
7.44046
7.09368
6.78263
6.48907
6.22289
5.98637
5.78111
5.6057
5.45874
5.33666
5.23931
5.15883
5.09726
5.0464
5.0097
4.98219
4.96615
4.96098
4.96615
4.98219
5.0097
5.0464
5.09726
5.15883
5.23931
5.33666
5.45874
5.6057
5.78111
5.98637
6.22289
6.48907
6.78263
7.09368
7.44046
7.78499
8.10987
8.40919
8.69682
8.93618
9.10262
9.16665
9.31666
9.46046
9.59545
9.70647
9.79641
9.85471
9.88583
9.88445
9.79034
9.79151
9.76431
9.71272
9.63601
9.53682
9.42196
9.29293
9.16621
9.10807
8.95267
8.71549
8.43822
8.14269
7.82675
7.49211
7.15549
6.83828
6.54447
6.27766
6.04303
5.83799
5.66328
5.51591
5.39539
5.29571
5.21794
5.15327
5.10502
5.06596
5.0394
5.02336
5.0173
5.02336
5.0394
5.06596
5.10502
5.15327
5.21794
5.29571
5.39539
5.51591
5.66328
5.83799
6.04303
6.27766
6.54447
6.83828
7.15549
7.49211
7.82675
8.14269
8.43822
8.71549
8.95267
9.10807
9.16621
9.29293
9.42196
9.53682
9.63601
9.71272
9.76431
9.79151
9.79034
9.71628
9.71365
9.69289
9.64538
9.57969
9.49317
9.39109
9.28075
9.16775
9.12212
8.96874
8.74162
8.4662
8.17892
7.86783
7.53986
7.2091
6.89234
6.59788
6.33392
6.09859
5.8954
5.7206
5.57415
5.45226
5.35468
5.27412
5.21218
5.16106
5.12382
5.09638
5.07969
5.07503
5.07969
5.09638
5.12382
5.16106
5.21218
5.27412
5.35468
5.45226
5.57415
5.7206
5.8954
6.09859
6.33392
6.59788
6.89234
7.2091
7.53986
7.86783
8.17892
8.4662
8.74162
8.96874
9.12212
9.16775
9.28075
9.39109
9.49317
9.57969
9.64538
9.69289
9.71365
9.71628
9.65299
9.65578
9.63303
9.59553
9.53501
9.46074
9.37127
9.27356
9.17771
9.1372
8.9923
8.76737
8.49959
8.21521
7.90937
7.58675
7.25941
6.94428
6.65284
6.388
6.15585
5.9522
5.77819
5.63163
5.51075
5.41142
5.33291
5.26844
5.21944
5.18052
5.15331
5.13741
5.13095
5.13741
5.15331
5.18052
5.21944
5.26844
5.33291
5.41142
5.51075
5.63163
5.77819
5.9522
6.15585
6.388
6.65284
6.94428
7.25941
7.58675
7.90937
8.21521
8.49959
8.76737
8.9923
9.1372
9.17771
9.27356
9.37127
9.46074
9.53501
9.59553
9.63303
9.65578
9.65299
9.60915
9.60691
9.5916
9.55437
9.50495
9.43721
9.35982
9.27416
9.19091
9.1586
9.01729
8.79955
8.53392
8.25373
7.95263
7.63252
7.30968
6.99695
6.70584
6.44468
6.21166
6.00941
5.83603
5.68922
5.56807
5.46985
5.38952
5.32695
5.27586
5.23798
5.21074
5.19354
5.18903
5.19354
5.21074
5.23798
5.27586
5.32695
5.38952
5.46985
5.56807
5.68922
5.83603
6.00941
6.21166
6.44468
6.70584
6.99695
7.30968
7.63252
7.95263
8.25373
8.53392
8.79955
9.01729
9.1586
9.19091
9.27416
9.35982
9.43721
9.50495
9.55437
9.5916
9.60691
9.60915
9.57334
9.57504
9.55787
9.52889
9.48186
9.42506
9.35489
9.28128
9.20891
9.1835
9.0477
8.83628
8.572
8.29506
7.99544
7.68086
7.35928
7.04918
6.76106
6.4994
6.26869
6.06703
5.89292
5.74729
5.62589
5.52683
5.44789
5.38335
5.33376
5.29484
5.26722
5.25138
5.24486
5.25138
5.26722
5.29484
5.33376
5.38335
5.44789
5.52683
5.62589
5.74729
5.89292
6.06703
6.26869
6.4994
6.76106
7.04918
7.35928
7.68086
7.99544
8.29506
8.572
8.83628
9.0477
9.1835
9.20891
9.28128
9.35489
9.42506
9.48186
9.52889
9.55787
9.57504
9.57334
9.55185
9.55104
9.53838
9.50998
9.47137
9.41835
9.35893
9.29228
9.23234
9.21129
9.08307
8.88288
8.61458
8.33669
8.04221
7.72791
7.411
7.10238
6.81517
6.55606
6.32548
6.12367
5.95142
5.80436
5.68343
5.58484
5.50454
5.44152
5.39027
5.35195
5.32439
5.30728
5.30244
5.30728
5.32439
5.35195
5.39027
5.44152
5.50454
5.58484
5.68343
5.80436
5.95142
6.12367
6.32548
6.55606
6.81517
7.10238
7.411
7.72791
8.04221
8.33669
8.61458
8.88288
9.08307
9.21129
9.23234
9.29228
9.35893
9.41835
9.47137
9.50998
9.53838
9.55104
9.55185
9.53837
9.53868
9.52611
9.50269
9.46625
9.4217
9.36655
9.31077
9.25714
9.24384
9.11787
8.92556
8.65571
8.38204
8.0873
7.77846
7.46189
7.15604
6.8708
6.6119
6.38223
6.18194
6.00798
5.86261
5.74104
5.64176
5.56259
5.49791
5.448
5.40851
5.38095
5.36433
5.35844
5.36433
5.38095
5.40851
5.448
5.49791
5.56259
5.64176
5.74104
5.86261
6.00798
6.18194
6.38223
6.6119
6.8708
7.15604
7.46189
7.77846
8.0873
8.38204
8.65571
8.92556
9.11787
9.24384
9.25714
9.31077
9.36655
9.4217
9.46625
9.50269
9.52611
9.53868
9.53837
9.53399
9.53417
9.52325
9.50164
9.47057
9.42902
9.38252
9.33086
9.28818
9.27609
9.15655
8.96492
8.7
8.42582
8.13639
7.82757
7.51491
7.21017
6.9258
6.66856
6.43959
6.23845
6.06666
5.91963
5.79849
5.69973
5.61904
5.55566
5.50411
5.46564
5.43751
5.42062
5.41529
5.42062
5.43751
5.46564
5.50411
5.55566
5.61904
5.69973
5.79849
5.91963
6.06666
6.23845
6.43959
6.66856
6.9258
7.21017
7.51491
7.82757
8.13639
8.42582
8.7
8.96492
9.15655
9.27609
9.28818
9.33086
9.38252
9.42902
9.47057
9.50164
9.52325
9.53417
9.53399
9.53748
9.53681
9.52765
9.50818
9.47999
9.44423
9.4009
9.35809
9.31907
9.31389
9.19371
9.0082
8.7424
8.47343
8.184
7.87943
7.56739
7.26458
6.98186
6.72485
6.49631
6.29685
6.12319
5.97779
5.856
5.75642
5.67676
5.61178
5.56133
5.52193
5.49385
5.4774
5.47098
5.4774
5.49385
5.52193
5.56133
5.61178
5.67676
5.75642
5.856
5.97779
6.12319
6.29685
6.49631
6.72485
6.98186
7.26458
7.56739
7.87943
8.184
8.47343
8.7424
9.0082
9.19371
9.31389
9.31907
9.35809
9.4009
9.44423
9.47999
9.50818
9.52765
9.53681
9.53748
9.54621
9.54713
9.53754
9.52119
9.49568
9.46315
9.4261
9.38631
9.35583
9.35085
9.23606
9.04961
8.7891
8.5198
8.23452
7.93052
7.62123
7.31942
7.0375
6.78161
6.55395
6.35332
6.1819
6.0347
5.91339
5.81395
5.73322
5.6689
5.61782
5.57801
5.55078
5.53246
5.52849
5.53246
5.55078
5.57801
5.61782
5.6689
5.73322
5.81395
5.91339
6.0347
6.1819
6.35332
6.55395
6.78161
7.0375
7.31942
7.62123
7.93052
8.23452
8.5198
8.7891
9.04961
9.23606
9.35085
9.35583
9.38631
9.4261
9.46315
9.49568
9.52119
9.53754
9.54713
9.54621
9.56264
9.56138
9.5548
9.53851
9.51664
9.48762
9.45365
9.42009
9.39275
9.39261
9.27722
9.09572
8.83434
8.56921
8.28457
7.98334
7.67477
7.37488
7.09365
6.83864
6.61068
6.41203
6.23831
6.093
5.97055
5.87086
5.7901
5.72563
5.6735
5.63533
5.60509
5.59046
5.58188
5.59046
5.60509
5.63533
5.6735
5.72563
5.7901
5.87086
5.97055
6.093
6.23831
6.41203
6.61068
6.83864
7.09365
7.37488
7.67477
7.98334
8.28457
8.56921
8.83434
9.09572
9.27722
9.39261
9.39275
9.42009
9.45365
9.48762
9.51664
9.53851
9.5548
9.56138
9.56264
9.58197
9.58315
9.57506
9.56235
9.54146
9.51586
9.48594
9.45563
9.43352
9.43467
9.32253
9.14061
8.88318
8.61834
8.33616
8.0362
7.72968
7.43005
7.15059
6.89534
6.66904
6.46849
6.29732
6.14963
6.02822
5.92776
5.84708
5.78132
5.73111
5.68915
5.66349
5.64271
5.64069
5.64271
5.66349
5.68915
5.73111
5.78132
5.84708
5.92776
6.02822
6.14963
6.29732
6.46849
6.66904
6.89534
7.15059
7.43005
7.72968
8.0362
8.33616
8.61834
8.88318
9.14061
9.32253
9.43467
9.43352
9.45563
9.48594
9.51586
9.54146
9.56235
9.57506
9.58315
9.58197
9.60841
9.60759
9.60212
9.5888
9.57142
9.54773
9.52111
9.49436
9.47617
9.47949
9.36799
9.18915
8.93149
8.66929
8.38866
8.09
7.78438
7.48687
7.20679
6.95354
6.72593
6.52764
6.35382
6.2082
6.08501
5.98491
5.90314
5.83851
5.78497
5.74746
5.71527
5.70177
5.6917
5.70177
5.71527
5.74746
5.78497
5.83851
5.90314
5.98491
6.08501
6.2082
6.35382
6.52764
6.72593
6.95354
7.20679
7.48687
7.78438
8.09
8.38866
8.66929
8.93149
9.18915
9.36799
9.47949
9.47617
9.49436
9.52111
9.54773
9.57142
9.5888
9.60212
9.60759
9.60841
9.63762
9.6379
9.63155
9.6211
9.60385
9.58359
9.55911
9.53599
9.52059
9.52604
9.41619
9.23743
8.98251
8.72107
8.44163
8.145
7.84044
7.54292
7.26494
7.01069
6.78489
6.58459
6.41291
6.26488
6.14267
6.04154
5.9598
5.89332
5.84249
5.79952
5.77393
5.75236
5.75055
5.75236
5.77393
5.79952
5.84249
5.89332
5.9598
6.04154
6.14267
6.26488
6.41291
6.58459
6.78489
7.01069
7.26494
7.54292
7.84044
8.145
8.44163
8.72107
8.98251
9.23743
9.41619
9.52604
9.52059
9.53599
9.55911
9.58359
9.60385
9.6211
9.63155
9.6379
9.63762
9.67135
9.67107
9.66637
9.65518
9.64144
9.62156
9.60056
9.57944
9.56747
9.5745
9.46499
9.28888
9.03343
8.77413
8.49651
8.19991
7.89707
7.60056
7.32231
7.06946
6.84259
6.6437
6.46984
6.32323
6.19949
6.09817
6.01582
5.94963
5.89566
5.85712
5.82477
5.81043
5.80085
5.81043
5.82477
5.85712
5.89566
5.94963
6.01582
6.09817
6.19949
6.32323
6.46984
6.6437
6.84259
7.06946
7.32231
7.60056
7.89707
8.19991
8.49651
8.77413
9.03343
9.28888
9.46499
9.5745
9.56747
9.57944
9.60056
9.62156
9.64144
9.65518
9.66637
9.67107
9.67135
9.70804
9.70866
9.70297
9.69498
9.68001
9.66411
9.64374
9.62556
9.6163
9.62392
9.51682
9.33966
9.08733
8.8281
8.5514
8.25715
7.95402
7.6586
7.381
7.1279
6.90151
6.70144
6.52863
6.38007
6.25675
6.15468
6.07142
6.00423
5.95158
5.90868
5.88147
5.86081
5.85749
5.86081
5.88147
5.90868
5.95158
6.00423
6.07142
6.15468
6.25675
6.38007
6.52863
6.70144
6.90151
7.1279
7.381
7.6586
7.95402
8.25715
8.5514
8.8281
9.08733
9.33966
9.51682
9.62392
9.6163
9.62556
9.64374
9.66411
9.68001
9.69498
9.70297
9.70866
9.70804
9.74924
9.74799
9.74505
9.73492
9.7244
9.70725
9.69029
9.67376
9.66583
9.6765
9.56785
9.39446
9.14038
8.88399
8.60829
8.31393
8.01291
7.71702
7.44022
7.18686
6.96041
6.7604
6.58608
6.4383
6.31326
6.2108
6.1268
6.05898
6.00421
5.96358
5.93194
5.91564
5.90756
5.91564
5.93194
5.96358
6.00421
6.05898
6.1268
6.2108
6.31326
6.4383
6.58608
6.7604
6.96041
7.18686
7.44022
7.71702
8.01291
8.31393
8.60829
8.88399
9.14038
9.39446
9.56785
9.6765
9.66583
9.67376
9.69029
9.70725
9.7244
9.73492
9.74505
9.74799
9.74924
9.79109
9.79253
9.78694
9.78107
9.76796
9.75514
9.73793
9.72325
9.71873
9.72799
9.62314
9.44743
9.19732
8.93988
8.66607
8.37306
8.07139
7.7772
7.49956
7.2471
7.01974
6.81927
6.64503
6.49519
6.37058
6.26628
6.18172
6.11232
6.05771
6.01431
5.98488
5.96506
5.96028
5.96506
5.98488
6.01431
6.05771
6.11232
6.18172
6.26628
6.37058
6.49519
6.64503
6.81927
7.01974
7.2471
7.49956
7.7772
8.07139
8.37306
8.66607
8.93988
9.19732
9.44743
9.62314
9.72799
9.71873
9.72325
9.73793
9.75514
9.76796
9.78107
9.78694
9.79253
9.79109
9.8382
9.83662
9.83439
9.82566
9.81715
9.80239
9.78839
9.7749
9.7707
9.7836
9.6764
9.50497
9.25255
8.99865
8.72475
8.4324
8.13232
7.83727
7.5611
7.30725
7.0805
6.87906
6.70337
6.55365
6.42646
6.32223
6.2353
6.16563
6.10867
6.06562
6.03357
6.01571
6.00803
6.01571
6.03357
6.06562
6.10867
6.16563
6.2353
6.32223
6.42646
6.55365
6.70337
6.87906
7.0805
7.30725
7.5611
7.83727
8.13232
8.4324
8.72475
8.99865
9.25255
9.50497
9.6764
9.7836
9.7707
9.7749
9.78839
9.80239
9.81715
9.82566
9.83439
9.83662
9.8382
9.88439
9.88491
9.88058
9.87564
9.86453
9.8541
9.8388
9.82781
9.82565
9.83779
9.73374
9.56044
9.3118
9.0566
8.78501
8.49357
8.19318
7.89999
7.62231
7.36996
7.14147
6.93954
6.76318
6.611
6.48353
6.37637
6.28918
6.21666
6.15923
6.11396
6.08226
6.06159
6.05653
6.06159
6.08226
6.11396
6.15923
6.21666
6.28918
6.37637
6.48353
6.611
6.76318
6.93954
7.14147
7.36996
7.62231
7.89999
8.19318
8.49357
8.78501
9.0566
9.3118
9.56044
9.73374
9.83779
9.82565
9.82781
9.8388
9.8541
9.86453
9.87564
9.88058
9.88491
9.88439
9.93331
9.93322
9.931
9.92392
9.91738
9.90386
9.89355
9.88055
9.88136
9.89406
9.79018
9.61941
9.36958
9.11726
8.84588
8.55508
8.25671
7.96226
7.6868
7.43233
7.20441
7.0012
6.82267
6.66958
6.53927
6.43102
6.34069
6.26725
6.20718
6.16087
6.12684
6.10774
6.09909
6.10774
6.12684
6.16087
6.20718
6.26725
6.34069
6.43102
6.53927
6.66958
6.82267
7.0012
7.20441
7.43233
7.6868
7.96226
8.25671
8.55508
8.84588
9.11726
9.36958
9.61941
9.79018
9.89406
9.88136
9.88055
9.89355
9.90386
9.91738
9.92392
9.931
9.93322
9.93331
9.98414
9.98437
9.98137
9.97795
9.96756
9.96072
9.94514
9.93925
9.93568
9.95221
9.84754
9.67833
9.42997
9.17802
8.90757
8.61891
8.31956
8.02784
7.7503
7.49756
7.26791
7.06312
6.8837
6.72757
6.59523
6.48413
6.39179
6.31512
6.25325
6.20469
6.17027
6.14762
6.14254
6.14762
6.17027
6.20469
6.25325
6.31512
6.39179
6.48413
6.59523
6.72757
6.8837
7.06312
7.26791
7.49756
7.7503
8.02784
8.31956
8.61891
8.90757
9.17802
9.42997
9.67833
9.84754
9.95221
9.93568
9.93925
9.94514
9.96072
9.96756
9.97795
9.98137
9.98437
9.98414
10.0379
10.0377
10.0365
10.0297
10.0262
10.0128
10.0074
9.99284
9.99692
10.0059
9.90811
9.73733
9.49131
9.23924
8.97066
8.68076
8.38494
8.09128
7.81642
7.56165
7.33201
7.12629
6.94372
6.78599
6.6508
6.53649
6.44076
6.36143
6.29645
6.24604
6.20878
6.18771
6.17807
6.18771
6.20878
6.24604
6.29645
6.36143
6.44076
6.53649
6.6508
6.78599
6.94372
7.12629
7.33201
7.56165
7.81642
8.09128
8.38494
8.68076
8.97066
9.23924
9.49131
9.73733
9.90811
10.0059
9.99692
9.99284
10.0074
10.0128
10.0262
10.0297
10.0365
10.0377
10.0379
10.0934
10.0936
10.0899
10.0885
10.0796
10.0767
10.0632
10.0602
10.0506
10.0627
9.96453
9.79885
9.55204
9.3012
9.02953
8.74205
8.44475
8.15452
7.87811
7.62502
7.39482
7.18701
7.004
6.84332
6.70533
6.58816
6.48853
6.40518
6.33707
6.28425
6.24642
6.2212
6.21474
6.2212
6.24642
6.28425
6.33707
6.40518
6.48853
6.58816
6.70533
6.84332
7.004
7.18701
7.39482
7.62502
7.87811
8.15452
8.44475
8.74205
9.02953
9.3012
9.55204
9.79885
9.96453
10.0627
10.0506
10.0602
10.0632
10.0767
10.0796
10.0885
10.0899
10.0936
10.0934
10.1489
10.147
10.1465
10.1426
10.1416
10.1348
10.1329
10.1231
10.1163
10.0998
10.0273
9.85456
9.61512
9.35843
9.08344
8.79126
8.49762
8.20666
7.93336
7.68043
7.45238
7.24419
7.06001
6.89881
6.75892
6.63886
6.53479
6.44767
6.37491
6.32156
6.28143
6.25596
6.24603
6.25596
6.28143
6.32156
6.37491
6.44767
6.53479
6.63886
6.75892
6.89881
7.06001
7.24419
7.45238
7.68043
7.93336
8.20666
8.49762
8.79126
9.08344
9.35843
9.61512
9.85456
10.0273
10.0998
10.1163
10.1231
10.1329
10.1348
10.1416
10.1426
10.1465
10.147
10.1489
10.2
10.2
10.2
10.2
10.2
10.2
10.2
10.2
10.2
10.1
10.1
9.9
9.68
9.41
9.12
8.82
8.53
8.24
7.97
7.72
7.5
7.29
7.11
6.95
6.81
6.69
6.58
6.49
6.41
6.36
6.32
6.29
6.28
6.29
6.32
6.36
6.41
6.49
6.58
6.69
6.81
6.95
7.11
7.29
7.5
7.72
7.97
8.24
8.53
8.82
9.12
9.41
9.68
9.9
10.1
10.1
10.2
10.2
10.2
10.2
10.2
10.2
10.2
10.2
10.2
