      6.43
      6.43
      6.42
      6.42
       6.4
      6.39
      6.37
      6.35
      6.32
      6.31
      6.22
      6.06
      5.83
      5.57
      5.27
      4.97
      4.67
      4.38
      4.11
      3.86
      3.63
      3.43
      3.25
      3.08
      2.94
      2.82
      2.71
      2.62
      2.55
      2.49
      2.45
      2.42
      2.41
      2.42
      2.45
      2.49
      2.55
      2.62
      2.71
      2.82
      2.94
      3.08
      3.25
      3.43
      3.63
      3.86
      4.11
      4.38
      4.67
      4.97
      5.27
      5.57
      5.83
      6.06
      6.22
      6.31
      6.32
      6.35
      6.37
      6.39
       6.4
      6.42
      6.42
      6.43
      6.43
         0
 -1.49e-08
 -1.08e-07
 -5.71e-07
 -2.86e-06
  -1.4e-05
 -6.85e-05
 -0.000332
   -0.0011
    0.0495
    0.0404
    0.0382
     0.035
    0.0307
    0.0253
    0.0192
    0.0126
   0.00598
 -0.000334
    -0.006
   -0.0108
   -0.0147
   -0.0176
   -0.0196
   -0.0209
   -0.0216
   -0.0219
    -0.022
   -0.0219
   -0.0218
   -0.0216
   -0.0216
   -0.0215
   -0.0216
   -0.0216
   -0.0218
   -0.0219
    -0.022
   -0.0219
   -0.0216
   -0.0209
   -0.0196
   -0.0176
   -0.0147
   -0.0108
    -0.006
 -0.000334
   0.00598
    0.0126
    0.0192
    0.0253
    0.0307
     0.035
    0.0382
    0.0404
    0.0495
   -0.0011
 -0.000332
 -6.85e-05
  -1.4e-05
 -2.86e-06
 -5.71e-07
 -1.08e-07
 -1.49e-08
         0
         0
 -1.51e-08
 -1.09e-07
 -5.78e-07
 -2.89e-06
 -1.42e-05
 -6.93e-05
 -0.000336
  -0.00111
    0.0495
    0.0404
    0.0381
    0.0349
    0.0306
    0.0253
    0.0192
    0.0126
   0.00601
 -0.000283
  -0.00594
   -0.0108
   -0.0146
   -0.0176
   -0.0197
    -0.021
   -0.0219
   -0.0223
   -0.0224
   -0.0224
   -0.0224
   -0.0223
   -0.0222
   -0.0222
   -0.0222
   -0.0223
   -0.0224
   -0.0224
   -0.0224
   -0.0223
   -0.0219
    -0.021
   -0.0197
   -0.0176
   -0.0146
   -0.0108
  -0.00594
 -0.000283
   0.00601
    0.0126
    0.0192
    0.0253
    0.0306
    0.0349
    0.0381
    0.0404
    0.0495
  -0.00111
 -0.000336
 -6.93e-05
 -1.42e-05
 -2.89e-06
 -5.78e-07
 -1.09e-07
 -1.51e-08
         0
         0
 -1.51e-08
 -1.09e-07
 -5.78e-07
 -2.89e-06
 -1.42e-05
 -6.94e-05
 -0.000337
  -0.00111
    0.0495
    0.0404
    0.0382
    0.0349
    0.0306
    0.0253
    0.0191
    0.0125
   0.00588
 -0.000444
  -0.00613
    -0.011
   -0.0149
   -0.0178
   -0.0199
   -0.0213
   -0.0222
   -0.0226
   -0.0228
   -0.0228
   -0.0227
   -0.0226
   -0.0226
   -0.0226
   -0.0226
   -0.0226
   -0.0227
   -0.0228
   -0.0228
   -0.0226
   -0.0222
   -0.0213
   -0.0199
   -0.0178
   -0.0149
    -0.011
  -0.00613
 -0.000444
   0.00588
    0.0125
    0.0191
    0.0253
    0.0306
    0.0349
    0.0382
    0.0404
    0.0495
  -0.00111
 -0.000337
 -6.94e-05
 -1.42e-05
 -2.89e-06
 -5.78e-07
 -1.09e-07
 -1.51e-08
         0
         0
 -1.49e-08
 -1.07e-07
 -5.73e-07
 -2.87e-06
 -1.41e-05
 -6.91e-05
 -0.000336
  -0.00111
    0.0495
    0.0404
    0.0382
     0.035
    0.0307
    0.0253
    0.0191
    0.0124
   0.00562
   -0.0008
  -0.00656
   -0.0114
   -0.0154
   -0.0183
   -0.0204
   -0.0218
   -0.0226
    -0.023
   -0.0232
   -0.0232
   -0.0231
    -0.023
    -0.023
   -0.0229
    -0.023
    -0.023
   -0.0231
   -0.0232
   -0.0232
    -0.023
   -0.0226
   -0.0218
   -0.0204
   -0.0183
   -0.0154
   -0.0114
  -0.00656
   -0.0008
   0.00562
    0.0124
    0.0191
    0.0253
    0.0307
     0.035
    0.0382
    0.0404
    0.0495
  -0.00111
 -0.000336
 -6.91e-05
 -1.41e-05
 -2.87e-06
 -5.73e-07
 -1.07e-07
 -1.49e-08
         0
         0
 -1.45e-08
 -1.05e-07
 -5.62e-07
 -2.83e-06
  -1.4e-05
 -6.83e-05
 -0.000332
   -0.0011
    0.0496
    0.0405
    0.0384
    0.0352
    0.0308
    0.0253
     0.019
    0.0121
   0.00518
   -0.0014
  -0.00728
   -0.0123
   -0.0162
   -0.0192
   -0.0213
   -0.0226
   -0.0234
   -0.0237
   -0.0238
   -0.0238
   -0.0237
   -0.0235
   -0.0235
   -0.0234
   -0.0235
   -0.0235
   -0.0237
   -0.0238
   -0.0238
   -0.0237
   -0.0234
   -0.0226
   -0.0213
   -0.0192
   -0.0162
   -0.0123
  -0.00728
   -0.0014
   0.00518
    0.0121
     0.019
    0.0253
    0.0308
    0.0352
    0.0384
    0.0405
    0.0496
   -0.0011
 -0.000332
 -6.83e-05
  -1.4e-05
 -2.83e-06
 -5.62e-07
 -1.05e-07
 -1.45e-08
         0
         0
 -1.38e-08
 -1.01e-07
 -5.43e-07
 -2.75e-06
 -1.36e-05
 -6.69e-05
 -0.000326
  -0.00108
    0.0496
    0.0407
    0.0386
    0.0354
     0.031
    0.0254
    0.0188
    0.0117
    0.0045
  -0.00232
   -0.0084
   -0.0135
   -0.0175
   -0.0205
   -0.0225
   -0.0238
   -0.0245
   -0.0247
   -0.0247
   -0.0246
   -0.0244
   -0.0243
   -0.0242
   -0.0241
   -0.0242
   -0.0243
   -0.0244
   -0.0246
   -0.0247
   -0.0247
   -0.0245
   -0.0238
   -0.0225
   -0.0205
   -0.0175
   -0.0135
   -0.0084
  -0.00232
    0.0045
    0.0117
    0.0188
    0.0254
     0.031
    0.0354
    0.0386
    0.0407
    0.0496
  -0.00108
 -0.000326
 -6.69e-05
 -1.36e-05
 -2.75e-06
 -5.43e-07
 -1.01e-07
 -1.38e-08
         0
         0
 -1.28e-08
 -9.42e-08
 -5.14e-07
 -2.62e-06
 -1.31e-05
 -6.46e-05
 -0.000316
  -0.00105
    0.0497
    0.0409
     0.039
    0.0359
    0.0314
    0.0256
    0.0187
    0.0111
   0.00354
  -0.00363
  -0.00997
   -0.0152
   -0.0193
   -0.0223
   -0.0243
   -0.0254
    -0.026
   -0.0261
    -0.026
   -0.0257
   -0.0255
   -0.0252
   -0.0251
   -0.0251
   -0.0251
   -0.0252
   -0.0255
   -0.0257
    -0.026
   -0.0261
    -0.026
   -0.0254
   -0.0243
   -0.0223
   -0.0193
   -0.0152
  -0.00997
  -0.00363
   0.00354
    0.0111
    0.0187
    0.0256
    0.0314
    0.0359
     0.039
    0.0409
    0.0497
  -0.00105
 -0.000316
 -6.46e-05
 -1.31e-05
 -2.62e-06
 -5.14e-07
 -9.42e-08
 -1.28e-08
         0
         0
 -1.12e-08
 -8.43e-08
 -4.69e-07
 -2.43e-06
 -1.23e-05
 -6.11e-05
 -0.000301
    -0.001
    0.0499
    0.0412
    0.0395
    0.0365
     0.032
    0.0259
    0.0186
    0.0105
   0.00244
  -0.00516
   -0.0118
   -0.0173
   -0.0215
   -0.0244
   -0.0262
   -0.0272
   -0.0276
   -0.0275
   -0.0272
   -0.0268
   -0.0264
   -0.0261
   -0.0259
   -0.0259
   -0.0259
   -0.0261
   -0.0264
   -0.0268
   -0.0272
   -0.0275
   -0.0276
   -0.0272
   -0.0262
   -0.0244
   -0.0215
   -0.0173
   -0.0118
  -0.00516
   0.00244
    0.0105
    0.0186
    0.0259
     0.032
    0.0365
    0.0395
    0.0412
    0.0499
    -0.001
 -0.000301
 -6.11e-05
 -1.23e-05
 -2.43e-06
 -4.69e-07
 -8.43e-08
 -1.12e-08
         0
      19.3
  -9.2e-09
 -7.19e-08
 -4.12e-07
 -2.18e-06
 -1.12e-05
 -5.61e-05
 -0.000278
 -0.000936
      0.05
    0.0416
    0.0402
    0.0373
    0.0327
    0.0264
    0.0188
    0.0103
    0.0018
  -0.00615
    -0.013
   -0.0186
   -0.0228
   -0.0256
   -0.0272
    -0.028
   -0.0281
   -0.0279
   -0.0274
   -0.0268
   -0.0263
   -0.0259
   -0.0257
   -0.0256
   -0.0257
   -0.0259
   -0.0263
   -0.0268
   -0.0274
   -0.0279
   -0.0281
    -0.028
   -0.0272
   -0.0256
   -0.0228
   -0.0186
    -0.013
  -0.00615
    0.0018
    0.0103
    0.0188
    0.0264
    0.0327
    0.0373
    0.0402
    0.0416
      0.05
 -0.000936
 -0.000278
 -5.61e-05
 -1.12e-05
 -2.18e-06
 -4.12e-07
 -7.19e-08
  -9.2e-09
      19.3
      19.3
    -7e-09
 -5.77e-08
 -3.46e-07
 -1.88e-06
 -9.81e-06
 -4.98e-05
 -0.000249
 -0.000842
    0.0502
     0.042
    0.0407
    0.0381
    0.0337
    0.0276
      0.02
    0.0117
   0.00336
   -0.0044
   -0.0111
   -0.0164
   -0.0203
   -0.0229
   -0.0243
   -0.0249
   -0.0248
   -0.0243
   -0.0237
    -0.023
   -0.0224
    -0.022
   -0.0217
   -0.0216
   -0.0217
    -0.022
   -0.0224
    -0.023
   -0.0237
   -0.0243
   -0.0248
   -0.0249
   -0.0243
   -0.0229
   -0.0203
   -0.0164
   -0.0111
   -0.0044
   0.00336
    0.0117
      0.02
    0.0276
    0.0337
    0.0381
    0.0407
     0.042
    0.0502
 -0.000842
 -0.000249
 -4.98e-05
 -9.81e-06
 -1.88e-06
 -3.46e-07
 -5.77e-08
    -7e-09
      19.3
      19.3
 -5.29e-09
 -4.43e-08
 -2.69e-07
 -1.47e-06
 -7.71e-06
 -3.92e-05
 -0.000196
 -0.000665
    0.0505
    0.0423
    0.0413
    0.0392
    0.0356
    0.0306
    0.0244
    0.0176
    0.0108
   0.00444
 -0.000975
  -0.00526
  -0.00835
   -0.0103
   -0.0114
   -0.0117
   -0.0115
    -0.011
   -0.0103
  -0.00968
  -0.00912
  -0.00869
  -0.00842
  -0.00833
  -0.00842
  -0.00869
  -0.00912
  -0.00968
   -0.0103
    -0.011
   -0.0115
   -0.0117
   -0.0114
   -0.0103
  -0.00835
  -0.00526
 -0.000975
   0.00444
    0.0108
    0.0176
    0.0244
    0.0306
    0.0356
    0.0392
    0.0413
    0.0423
    0.0505
 -0.000665
 -0.000196
 -3.92e-05
 -7.71e-06
 -1.47e-06
 -2.69e-07
 -4.43e-08
 -5.29e-09
      19.3
      19.3
 -3.05e-09
 -2.54e-08
 -1.53e-07
 -8.35e-07
 -4.35e-06
 -2.21e-05
  -0.00011
 -0.000372
 -0.000528
 -0.000664
  -0.00123
  -0.00245
   -0.0045
  -0.00739
   -0.0109
   -0.0149
   -0.0188
   -0.0224
   -0.0255
    -0.028
   -0.0297
   -0.0307
   -0.0313
   -0.0313
   -0.0311
   -0.0307
   -0.0303
   -0.0299
   -0.0295
   -0.0292
    -0.029
   -0.0289
    -0.029
   -0.0292
   -0.0295
   -0.0299
   -0.0303
   -0.0307
   -0.0311
   -0.0313
   -0.0313
   -0.0307
   -0.0297
    -0.028
   -0.0255
   -0.0224
   -0.0188
   -0.0149
   -0.0109
  -0.00739
   -0.0045
  -0.00245
  -0.00123
 -0.000664
 -0.000528
 -0.000372
  -0.00011
 -2.21e-05
 -4.35e-06
 -8.35e-07
 -1.53e-07
 -2.54e-08
 -3.05e-09
      19.3
      19.3
 -2.32e-09
  -1.9e-08
 -1.13e-07
 -6.11e-07
 -3.16e-06
  -1.6e-05
 -7.95e-05
 -0.000268
 -0.000385
 -0.000497
 -0.000922
  -0.00181
  -0.00329
  -0.00537
  -0.00792
   -0.0107
   -0.0136
   -0.0162
   -0.0184
   -0.0201
   -0.0213
   -0.0221
   -0.0224
   -0.0224
   -0.0222
   -0.0219
   -0.0216
   -0.0212
   -0.0209
   -0.0207
   -0.0205
   -0.0205
   -0.0205
   -0.0207
   -0.0209
   -0.0212
   -0.0216
   -0.0219
   -0.0222
   -0.0224
   -0.0224
   -0.0221
   -0.0213
   -0.0201
   -0.0184
   -0.0162
   -0.0136
   -0.0107
  -0.00792
  -0.00537
  -0.00329
  -0.00181
 -0.000922
 -0.000497
 -0.000385
 -0.000268
 -7.95e-05
  -1.6e-05
 -3.16e-06
 -6.11e-07
 -1.13e-07
  -1.9e-08
 -2.32e-09
      19.3
      19.3
 -2.04e-09
 -1.65e-08
 -9.72e-08
 -5.22e-07
 -2.69e-06
 -1.36e-05
 -6.73e-05
 -0.000227
 -0.000329
 -0.000431
   -0.0008
  -0.00156
  -0.00282
  -0.00457
  -0.00673
   -0.0091
   -0.0115
   -0.0137
   -0.0155
    -0.017
    -0.018
   -0.0186
   -0.0189
   -0.0189
   -0.0187
   -0.0184
   -0.0181
   -0.0178
   -0.0175
   -0.0173
   -0.0172
   -0.0172
   -0.0172
   -0.0173
   -0.0175
   -0.0178
   -0.0181
   -0.0184
   -0.0187
   -0.0189
   -0.0189
   -0.0186
    -0.018
    -0.017
   -0.0155
   -0.0137
   -0.0115
   -0.0091
  -0.00673
  -0.00457
  -0.00282
  -0.00156
   -0.0008
 -0.000431
 -0.000329
 -0.000227
 -6.73e-05
 -1.36e-05
 -2.69e-06
 -5.22e-07
 -9.72e-08
 -1.65e-08
 -2.04e-09
      19.3
      19.3
 -1.91e-09
 -1.53e-08
 -8.96e-08
  -4.8e-07
 -2.46e-06
 -1.24e-05
 -6.15e-05
 -0.000207
 -0.000302
   -0.0004
 -0.000742
  -0.00144
  -0.00258
  -0.00418
  -0.00614
   -0.0083
   -0.0105
   -0.0125
   -0.0142
   -0.0155
   -0.0164
   -0.0169
   -0.0172
   -0.0172
    -0.017
   -0.0167
   -0.0164
   -0.0162
   -0.0159
   -0.0157
   -0.0156
   -0.0156
   -0.0156
   -0.0157
   -0.0159
   -0.0162
   -0.0164
   -0.0167
    -0.017
   -0.0172
   -0.0172
   -0.0169
   -0.0164
   -0.0155
   -0.0142
   -0.0125
   -0.0105
   -0.0083
  -0.00614
  -0.00418
  -0.00258
  -0.00144
 -0.000742
   -0.0004
 -0.000302
 -0.000207
 -6.15e-05
 -1.24e-05
 -2.46e-06
  -4.8e-07
 -8.96e-08
 -1.53e-08
 -1.91e-09
      19.3
      19.3
 -1.84e-09
 -1.47e-08
 -8.57e-08
 -4.57e-07
 -2.35e-06
 -1.18e-05
 -5.84e-05
 -0.000196
 -0.000287
 -0.000383
 -0.000711
  -0.00137
  -0.00246
  -0.00397
  -0.00583
  -0.00787
  -0.00992
   -0.0118
   -0.0134
   -0.0147
   -0.0155
   -0.0161
   -0.0163
   -0.0163
   -0.0161
   -0.0158
   -0.0156
   -0.0153
    -0.015
   -0.0149
   -0.0148
   -0.0147
   -0.0148
   -0.0149
    -0.015
   -0.0153
   -0.0156
   -0.0158
   -0.0161
   -0.0163
   -0.0163
   -0.0161
   -0.0155
   -0.0147
   -0.0134
   -0.0118
  -0.00992
  -0.00787
  -0.00583
  -0.00397
  -0.00246
  -0.00137
 -0.000711
 -0.000383
 -0.000287
 -0.000196
 -5.84e-05
 -1.18e-05
 -2.35e-06
 -4.57e-07
 -8.57e-08
 -1.47e-08
 -1.84e-09
      19.3
      19.3
 -1.81e-09
 -1.44e-08
 -8.37e-08
 -4.46e-07
 -2.28e-06
 -1.14e-05
 -5.67e-05
 -0.000191
  -0.00028
 -0.000375
 -0.000695
  -0.00134
  -0.00239
  -0.00386
  -0.00565
  -0.00763
  -0.00961
   -0.0114
    -0.013
   -0.0142
    -0.015
   -0.0155
   -0.0158
   -0.0157
   -0.0156
   -0.0153
   -0.0151
   -0.0148
   -0.0146
   -0.0144
   -0.0143
   -0.0142
   -0.0143
   -0.0144
   -0.0146
   -0.0148
   -0.0151
   -0.0153
   -0.0156
   -0.0157
   -0.0158
   -0.0155
    -0.015
   -0.0142
    -0.013
   -0.0114
  -0.00961
  -0.00763
  -0.00565
  -0.00386
  -0.00239
  -0.00134
 -0.000695
 -0.000375
  -0.00028
 -0.000191
 -5.67e-05
 -1.14e-05
 -2.28e-06
 -4.46e-07
 -8.37e-08
 -1.44e-08
 -1.81e-09
      19.3
      19.3
  -1.8e-09
 -1.43e-08
 -8.27e-08
  -4.4e-07
 -2.25e-06
 -1.13e-05
 -5.58e-05
 -0.000188
 -0.000276
 -0.000371
 -0.000687
  -0.00132
  -0.00235
  -0.00379
  -0.00555
  -0.00749
  -0.00943
   -0.0112
   -0.0128
   -0.0139
   -0.0148
   -0.0153
   -0.0155
   -0.0155
   -0.0153
   -0.0151
   -0.0148
   -0.0145
   -0.0143
   -0.0141
    -0.014
    -0.014
    -0.014
   -0.0141
   -0.0143
   -0.0145
   -0.0148
   -0.0151
   -0.0153
   -0.0155
   -0.0155
   -0.0153
   -0.0148
   -0.0139
   -0.0128
   -0.0112
  -0.00943
  -0.00749
  -0.00555
  -0.00379
  -0.00235
  -0.00132
 -0.000687
 -0.000371
 -0.000276
 -0.000188
 -5.58e-05
 -1.13e-05
 -2.25e-06
  -4.4e-07
 -8.27e-08
 -1.43e-08
  -1.8e-09
      19.3
      19.3
  -1.8e-09
 -1.42e-08
 -8.23e-08
 -4.37e-07
 -2.23e-06
 -1.12e-05
 -5.53e-05
 -0.000186
 -0.000274
 -0.000369
 -0.000684
  -0.00131
  -0.00233
  -0.00375
  -0.00549
  -0.00741
  -0.00933
   -0.0111
   -0.0126
   -0.0138
   -0.0146
   -0.0151
   -0.0153
   -0.0153
   -0.0151
   -0.0149
   -0.0146
   -0.0144
   -0.0141
    -0.014
   -0.0139
   -0.0138
   -0.0139
    -0.014
   -0.0141
   -0.0144
   -0.0146
   -0.0149
   -0.0151
   -0.0153
   -0.0153
   -0.0151
   -0.0146
   -0.0138
   -0.0126
   -0.0111
  -0.00933
  -0.00741
  -0.00549
  -0.00375
  -0.00233
  -0.00131
 -0.000684
 -0.000369
 -0.000274
 -0.000186
 -5.53e-05
 -1.12e-05
 -2.23e-06
 -4.37e-07
 -8.23e-08
 -1.42e-08
  -1.8e-09
      19.3
      19.3
 -1.81e-09
 -1.43e-08
 -8.23e-08
 -4.36e-07
 -2.23e-06
 -1.11e-05
 -5.51e-05
 -0.000185
 -0.000273
 -0.000369
 -0.000684
  -0.00131
  -0.00232
  -0.00374
  -0.00546
  -0.00736
  -0.00927
    -0.011
   -0.0125
   -0.0137
   -0.0145
    -0.015
   -0.0152
   -0.0152
    -0.015
   -0.0148
   -0.0145
   -0.0143
   -0.0141
   -0.0139
   -0.0138
   -0.0137
   -0.0138
   -0.0139
   -0.0141
   -0.0143
   -0.0145
   -0.0148
    -0.015
   -0.0152
   -0.0152
    -0.015
   -0.0145
   -0.0137
   -0.0125
    -0.011
  -0.00927
  -0.00736
  -0.00546
  -0.00374
  -0.00232
  -0.00131
 -0.000684
 -0.000369
 -0.000273
 -0.000185
 -5.51e-05
 -1.11e-05
 -2.23e-06
 -4.36e-07
 -8.23e-08
 -1.43e-08
 -1.81e-09
      19.3
      19.3
 -1.82e-09
 -1.43e-08
 -8.26e-08
 -4.37e-07
 -2.23e-06
 -1.11e-05
 -5.51e-05
 -0.000185
 -0.000274
 -0.000371
 -0.000685
  -0.00131
  -0.00232
  -0.00373
  -0.00545
  -0.00734
  -0.00924
    -0.011
   -0.0125
   -0.0137
   -0.0145
   -0.0149
   -0.0152
   -0.0151
    -0.015
   -0.0148
   -0.0145
   -0.0142
    -0.014
   -0.0138
   -0.0137
   -0.0137
   -0.0137
   -0.0138
    -0.014
   -0.0142
   -0.0145
   -0.0148
    -0.015
   -0.0151
   -0.0152
   -0.0149
   -0.0145
   -0.0137
   -0.0125
    -0.011
  -0.00924
  -0.00734
  -0.00545
  -0.00373
  -0.00232
  -0.00131
 -0.000685
 -0.000371
 -0.000274
 -0.000185
 -5.51e-05
 -1.11e-05
 -2.23e-06
 -4.37e-07
 -8.26e-08
 -1.43e-08
 -1.82e-09
      19.3
      19.3
 -1.84e-09
 -1.44e-08
  -8.3e-08
 -4.39e-07
 -2.24e-06
 -1.12e-05
 -5.52e-05
 -0.000185
 -0.000274
 -0.000373
 -0.000689
  -0.00131
  -0.00232
  -0.00373
  -0.00544
  -0.00733
  -0.00922
    -0.011
   -0.0125
   -0.0136
   -0.0144
   -0.0149
   -0.0151
   -0.0151
    -0.015
   -0.0147
   -0.0145
   -0.0142
    -0.014
   -0.0138
   -0.0137
   -0.0137
   -0.0137
   -0.0138
    -0.014
   -0.0142
   -0.0145
   -0.0147
    -0.015
   -0.0151
   -0.0151
   -0.0149
   -0.0144
   -0.0136
   -0.0125
    -0.011
  -0.00922
  -0.00733
  -0.00544
  -0.00373
  -0.00232
  -0.00131
 -0.000689
 -0.000373
 -0.000274
 -0.000185
 -5.52e-05
 -1.12e-05
 -2.24e-06
 -4.39e-07
  -8.3e-08
 -1.44e-08
 -1.84e-09
      19.3
      19.3
 -1.86e-09
 -1.46e-08
 -8.37e-08
 -4.42e-07
 -2.25e-06
 -1.12e-05
 -5.54e-05
 -0.000186
 -0.000276
 -0.000376
 -0.000694
  -0.00132
  -0.00233
  -0.00373
  -0.00545
  -0.00733
  -0.00923
    -0.011
   -0.0125
   -0.0136
   -0.0144
   -0.0149
   -0.0151
   -0.0151
    -0.015
   -0.0148
   -0.0145
   -0.0142
    -0.014
   -0.0139
   -0.0138
   -0.0137
   -0.0138
   -0.0139
    -0.014
   -0.0142
   -0.0145
   -0.0148
    -0.015
   -0.0151
   -0.0151
   -0.0149
   -0.0144
   -0.0136
   -0.0125
    -0.011
  -0.00923
  -0.00733
  -0.00545
  -0.00373
  -0.00233
  -0.00132
 -0.000694
 -0.000376
 -0.000276
 -0.000186
 -5.54e-05
 -1.12e-05
 -2.25e-06
 -4.42e-07
 -8.37e-08
 -1.46e-08
 -1.86e-09
      19.3
      19.3
 -1.89e-09
 -1.48e-08
 -8.45e-08
 -4.45e-07
 -2.26e-06
 -1.13e-05
 -5.58e-05
 -0.000187
 -0.000278
  -0.00038
 -0.000701
  -0.00133
  -0.00234
  -0.00375
  -0.00546
  -0.00735
  -0.00925
    -0.011
   -0.0125
   -0.0137
   -0.0145
    -0.015
   -0.0152
   -0.0152
    -0.015
   -0.0148
   -0.0145
   -0.0143
   -0.0141
   -0.0139
   -0.0138
   -0.0138
   -0.0138
   -0.0139
   -0.0141
   -0.0143
   -0.0145
   -0.0148
    -0.015
   -0.0152
   -0.0152
    -0.015
   -0.0145
   -0.0137
   -0.0125
    -0.011
  -0.00925
  -0.00735
  -0.00546
  -0.00375
  -0.00234
  -0.00133
 -0.000701
  -0.00038
 -0.000278
 -0.000187
 -5.58e-05
 -1.13e-05
 -2.26e-06
 -4.45e-07
 -8.45e-08
 -1.48e-08
 -1.89e-09
      19.3
      19.3
 -1.92e-09
  -1.5e-08
 -8.57e-08
 -4.51e-07
 -2.29e-06
 -1.14e-05
 -5.63e-05
 -0.000189
 -0.000281
 -0.000385
  -0.00071
  -0.00134
  -0.00236
  -0.00377
   -0.0055
  -0.00739
   -0.0093
   -0.0111
   -0.0126
   -0.0137
   -0.0146
   -0.0151
   -0.0153
   -0.0153
   -0.0151
   -0.0149
   -0.0146
   -0.0144
   -0.0142
    -0.014
   -0.0139
   -0.0139
   -0.0139
    -0.014
   -0.0142
   -0.0144
   -0.0146
   -0.0149
   -0.0151
   -0.0153
   -0.0153
   -0.0151
   -0.0146
   -0.0137
   -0.0126
   -0.0111
   -0.0093
  -0.00739
   -0.0055
  -0.00377
  -0.00236
  -0.00134
  -0.00071
 -0.000385
 -0.000281
 -0.000189
 -5.63e-05
 -1.14e-05
 -2.29e-06
 -4.51e-07
 -8.57e-08
  -1.5e-08
 -1.92e-09
      19.3
      19.3
 -1.97e-09
 -1.53e-08
 -8.73e-08
 -4.58e-07
 -2.32e-06
 -1.16e-05
 -5.71e-05
 -0.000191
 -0.000286
 -0.000393
 -0.000723
  -0.00136
  -0.00239
  -0.00382
  -0.00556
  -0.00747
  -0.00939
   -0.0112
   -0.0127
   -0.0139
   -0.0147
   -0.0152
   -0.0154
   -0.0154
   -0.0153
   -0.0151
   -0.0148
   -0.0145
   -0.0143
   -0.0142
   -0.0141
    -0.014
   -0.0141
   -0.0142
   -0.0143
   -0.0145
   -0.0148
   -0.0151
   -0.0153
   -0.0154
   -0.0154
   -0.0152
   -0.0147
   -0.0139
   -0.0127
   -0.0112
  -0.00939
  -0.00747
  -0.00556
  -0.00382
  -0.00239
  -0.00136
 -0.000723
 -0.000393
 -0.000286
 -0.000191
 -5.71e-05
 -1.16e-05
 -2.32e-06
 -4.58e-07
 -8.73e-08
 -1.53e-08
 -1.97e-09
      19.3
      19.3
 -2.03e-09
 -1.58e-08
 -8.95e-08
  -4.7e-07
 -2.38e-06
 -1.18e-05
 -5.84e-05
 -0.000196
 -0.000293
 -0.000403
 -0.000741
  -0.00139
  -0.00244
  -0.00389
  -0.00566
   -0.0076
  -0.00955
   -0.0114
   -0.0129
   -0.0141
    -0.015
   -0.0155
   -0.0157
   -0.0157
   -0.0156
   -0.0153
   -0.0151
   -0.0148
   -0.0146
   -0.0144
   -0.0143
   -0.0143
   -0.0143
   -0.0144
   -0.0146
   -0.0148
   -0.0151
   -0.0153
   -0.0156
   -0.0157
   -0.0157
   -0.0155
    -0.015
   -0.0141
   -0.0129
   -0.0114
  -0.00955
   -0.0076
  -0.00566
  -0.00389
  -0.00244
  -0.00139
 -0.000741
 -0.000403
 -0.000293
 -0.000196
 -5.84e-05
 -1.18e-05
 -2.38e-06
  -4.7e-07
 -8.95e-08
 -1.58e-08
 -2.03e-09
      19.3
      19.3
 -2.12e-09
 -1.64e-08
  -9.3e-08
 -4.87e-07
 -2.47e-06
 -1.23e-05
 -6.05e-05
 -0.000202
 -0.000303
 -0.000419
 -0.000769
  -0.00144
  -0.00253
  -0.00402
  -0.00584
  -0.00784
  -0.00985
   -0.0117
   -0.0133
   -0.0145
   -0.0154
    -0.016
   -0.0162
   -0.0162
   -0.0161
   -0.0158
   -0.0156
   -0.0153
   -0.0151
   -0.0149
   -0.0148
   -0.0148
   -0.0148
   -0.0149
   -0.0151
   -0.0153
   -0.0156
   -0.0158
   -0.0161
   -0.0162
   -0.0162
    -0.016
   -0.0154
   -0.0145
   -0.0133
   -0.0117
  -0.00985
  -0.00784
  -0.00584
  -0.00402
  -0.00253
  -0.00144
 -0.000769
 -0.000419
 -0.000303
 -0.000202
 -6.05e-05
 -1.23e-05
 -2.47e-06
 -4.87e-07
  -9.3e-08
 -1.64e-08
 -2.12e-09
      19.3
      19.3
 -2.25e-09
 -1.74e-08
 -9.86e-08
 -5.16e-07
 -2.61e-06
  -1.3e-05
 -6.41e-05
 -0.000214
 -0.000321
 -0.000444
 -0.000815
  -0.00153
  -0.00267
  -0.00424
  -0.00615
  -0.00826
   -0.0104
   -0.0123
    -0.014
   -0.0153
   -0.0163
   -0.0168
   -0.0171
   -0.0171
    -0.017
   -0.0167
   -0.0165
   -0.0162
    -0.016
   -0.0158
   -0.0157
   -0.0156
   -0.0157
   -0.0158
    -0.016
   -0.0162
   -0.0165
   -0.0167
    -0.017
   -0.0171
   -0.0171
   -0.0168
   -0.0163
   -0.0153
    -0.014
   -0.0123
   -0.0104
  -0.00826
  -0.00615
  -0.00424
  -0.00267
  -0.00153
 -0.000815
 -0.000444
 -0.000321
 -0.000214
 -6.41e-05
  -1.3e-05
 -2.61e-06
 -5.16e-07
 -9.86e-08
 -1.74e-08
 -2.25e-09
      19.3
      19.3
 -2.47e-09
 -1.91e-08
 -1.08e-07
 -5.68e-07
 -2.88e-06
 -1.43e-05
 -7.06e-05
 -0.000236
 -0.000354
 -0.000487
 -0.000892
  -0.00167
  -0.00292
  -0.00464
  -0.00674
  -0.00905
   -0.0114
   -0.0135
   -0.0154
   -0.0168
   -0.0178
   -0.0185
   -0.0188
   -0.0188
   -0.0187
   -0.0184
   -0.0181
   -0.0178
   -0.0176
   -0.0174
   -0.0173
   -0.0172
   -0.0173
   -0.0174
   -0.0176
   -0.0178
   -0.0181
   -0.0184
   -0.0187
   -0.0188
   -0.0188
   -0.0185
   -0.0178
   -0.0168
   -0.0154
   -0.0135
   -0.0114
  -0.00905
  -0.00674
  -0.00464
  -0.00292
  -0.00167
 -0.000892
 -0.000487
 -0.000354
 -0.000236
 -7.06e-05
 -1.43e-05
 -2.88e-06
 -5.68e-07
 -1.08e-07
 -1.91e-08
 -2.47e-09
      19.3
      19.3
 -2.88e-09
 -2.24e-08
 -1.28e-07
  -6.7e-07
  -3.4e-06
  -1.7e-05
 -8.37e-05
  -0.00028
 -0.000418
 -0.000572
  -0.00104
  -0.00196
  -0.00343
  -0.00546
  -0.00794
   -0.0107
   -0.0134
    -0.016
   -0.0181
   -0.0198
   -0.0211
   -0.0218
   -0.0222
   -0.0223
   -0.0221
   -0.0219
   -0.0215
   -0.0212
   -0.0209
   -0.0207
   -0.0206
   -0.0205
   -0.0206
   -0.0207
   -0.0209
   -0.0212
   -0.0215
   -0.0219
   -0.0221
   -0.0223
   -0.0222
   -0.0218
   -0.0211
   -0.0198
   -0.0181
    -0.016
   -0.0134
   -0.0107
  -0.00794
  -0.00546
  -0.00343
  -0.00196
  -0.00104
 -0.000572
 -0.000418
  -0.00028
 -8.37e-05
  -1.7e-05
  -3.4e-06
  -6.7e-07
 -1.28e-07
 -2.24e-08
 -2.88e-09
      19.3
      19.3
 -3.87e-09
 -3.03e-08
 -1.74e-07
 -9.21e-07
  -4.7e-06
 -2.35e-05
 -0.000116
  -0.00039
 -0.000576
 -0.000776
  -0.00142
  -0.00267
  -0.00471
  -0.00752
    -0.011
   -0.0147
   -0.0185
   -0.0221
   -0.0251
   -0.0275
   -0.0292
   -0.0303
   -0.0309
    -0.031
   -0.0309
   -0.0305
   -0.0301
   -0.0297
   -0.0294
   -0.0291
    -0.029
   -0.0289
    -0.029
   -0.0291
   -0.0294
   -0.0297
   -0.0301
   -0.0305
   -0.0309
    -0.031
   -0.0309
   -0.0303
   -0.0292
   -0.0275
   -0.0251
   -0.0221
   -0.0185
   -0.0147
    -0.011
  -0.00752
  -0.00471
  -0.00267
  -0.00142
 -0.000776
 -0.000576
  -0.00039
 -0.000116
 -2.35e-05
  -4.7e-06
 -9.21e-07
 -1.74e-07
 -3.03e-08
 -3.87e-09
      19.3
      19.3
  -6.7e-09
 -5.28e-08
 -3.05e-07
 -1.62e-06
 -8.32e-06
 -4.18e-05
 -0.000207
 -0.000696
    0.0504
    0.0421
     0.041
    0.0388
    0.0352
    0.0303
    0.0243
    0.0177
    0.0111
   0.00498
 -0.000316
  -0.00454
  -0.00763
  -0.00965
   -0.0107
   -0.0111
    -0.011
   -0.0106
     -0.01
  -0.00947
  -0.00896
  -0.00856
  -0.00831
  -0.00823
  -0.00831
  -0.00856
  -0.00896
  -0.00947
     -0.01
   -0.0106
    -0.011
   -0.0111
   -0.0107
  -0.00965
  -0.00763
  -0.00454
 -0.000316
   0.00498
    0.0111
    0.0177
    0.0243
    0.0303
    0.0352
    0.0388
     0.041
    0.0421
    0.0504
 -0.000696
 -0.000207
 -4.18e-05
 -8.32e-06
 -1.62e-06
 -3.05e-07
 -5.28e-08
  -6.7e-09
      19.3
      19.3
  -8.6e-09
 -6.74e-08
 -3.88e-07
 -2.06e-06
 -1.05e-05
 -5.28e-05
 -0.000262
  -0.00088
    0.0501
    0.0417
    0.0403
    0.0376
    0.0332
    0.0272
    0.0198
    0.0117
   0.00361
  -0.00396
   -0.0105
   -0.0158
   -0.0197
   -0.0223
   -0.0238
   -0.0244
   -0.0244
   -0.0241
   -0.0235
   -0.0229
   -0.0224
    -0.022
   -0.0217
   -0.0216
   -0.0217
    -0.022
   -0.0224
   -0.0229
   -0.0235
   -0.0241
   -0.0244
   -0.0244
   -0.0238
   -0.0223
   -0.0197
   -0.0158
   -0.0105
  -0.00396
   0.00361
    0.0117
    0.0198
    0.0272
    0.0332
    0.0376
    0.0403
    0.0417
    0.0501
  -0.00088
 -0.000262
 -5.28e-05
 -1.05e-05
 -2.06e-06
 -3.88e-07
 -6.74e-08
  -8.6e-09
      19.3
      19.3
 -1.05e-08
 -7.97e-08
 -4.47e-07
 -2.33e-06
 -1.18e-05
 -5.87e-05
  -0.00029
 -0.000969
    0.0499
    0.0414
    0.0398
    0.0369
    0.0323
     0.026
    0.0185
    0.0102
   0.00193
  -0.00585
   -0.0126
   -0.0181
   -0.0223
   -0.0251
   -0.0268
   -0.0277
   -0.0279
   -0.0277
   -0.0272
   -0.0267
   -0.0263
   -0.0259
   -0.0257
   -0.0256
   -0.0257
   -0.0259
   -0.0263
   -0.0267
   -0.0272
   -0.0277
   -0.0279
   -0.0277
   -0.0268
   -0.0251
   -0.0223
   -0.0181
   -0.0126
  -0.00585
   0.00193
    0.0102
    0.0185
     0.026
    0.0323
    0.0369
    0.0398
    0.0414
    0.0499
 -0.000969
  -0.00029
 -5.87e-05
 -1.18e-05
 -2.33e-06
 -4.47e-07
 -7.97e-08
 -1.05e-08
      19.3
         0
  -1.2e-08
 -8.93e-08
 -4.92e-07
 -2.53e-06
 -1.27e-05
 -6.29e-05
 -0.000309
  -0.00103
    0.0498
    0.0411
    0.0392
    0.0362
    0.0316
    0.0256
    0.0183
    0.0104
   0.00249
  -0.00499
   -0.0116
    -0.017
   -0.0211
   -0.0241
   -0.0259
    -0.027
   -0.0274
   -0.0274
   -0.0271
   -0.0268
   -0.0264
   -0.0261
   -0.0259
   -0.0259
   -0.0259
   -0.0261
   -0.0264
   -0.0268
   -0.0271
   -0.0274
   -0.0274
    -0.027
   -0.0259
   -0.0241
   -0.0211
    -0.017
   -0.0116
  -0.00499
   0.00249
    0.0104
    0.0183
    0.0256
    0.0316
    0.0362
    0.0392
    0.0411
    0.0498
  -0.00103
 -0.000309
 -6.29e-05
 -1.27e-05
 -2.53e-06
 -4.92e-07
 -8.93e-08
  -1.2e-08
         0
         0
 -1.32e-08
 -9.71e-08
 -5.27e-07
 -2.68e-06
 -1.34e-05
 -6.58e-05
 -0.000321
  -0.00107
    0.0497
    0.0408
    0.0388
    0.0356
    0.0311
    0.0253
    0.0185
    0.0111
   0.00355
  -0.00354
  -0.00983
   -0.0151
   -0.0191
   -0.0221
   -0.0241
   -0.0253
   -0.0258
    -0.026
   -0.0259
   -0.0257
   -0.0254
   -0.0252
   -0.0251
   -0.0251
   -0.0251
   -0.0252
   -0.0254
   -0.0257
   -0.0259
    -0.026
   -0.0258
   -0.0253
   -0.0241
   -0.0221
   -0.0191
   -0.0151
  -0.00983
  -0.00354
   0.00355
    0.0111
    0.0185
    0.0253
    0.0311
    0.0356
    0.0388
    0.0408
    0.0497
  -0.00107
 -0.000321
 -6.58e-05
 -1.34e-05
 -2.68e-06
 -5.27e-07
 -9.71e-08
 -1.32e-08
         0
         0
 -1.41e-08
 -1.03e-07
 -5.51e-07
 -2.78e-06
 -1.38e-05
 -6.76e-05
 -0.000329
  -0.00109
    0.0496
    0.0406
    0.0385
    0.0353
    0.0309
    0.0253
    0.0187
    0.0116
   0.00449
  -0.00229
  -0.00832
   -0.0134
   -0.0174
   -0.0204
   -0.0224
   -0.0237
   -0.0244
   -0.0247
   -0.0247
   -0.0246
   -0.0244
   -0.0243
   -0.0242
   -0.0242
   -0.0242
   -0.0243
   -0.0244
   -0.0246
   -0.0247
   -0.0247
   -0.0244
   -0.0237
   -0.0224
   -0.0204
   -0.0174
   -0.0134
  -0.00832
  -0.00229
   0.00449
    0.0116
    0.0187
    0.0253
    0.0309
    0.0353
    0.0385
    0.0406
    0.0496
  -0.00109
 -0.000329
 -6.76e-05
 -1.38e-05
 -2.78e-06
 -5.51e-07
 -1.03e-07
 -1.41e-08
         0
         0
 -1.46e-08
 -1.06e-07
 -5.66e-07
 -2.85e-06
  -1.4e-05
 -6.87e-05
 -0.000334
   -0.0011
    0.0496
    0.0405
    0.0383
    0.0351
    0.0307
    0.0252
    0.0189
    0.0121
   0.00516
  -0.00138
  -0.00724
   -0.0122
   -0.0162
   -0.0191
   -0.0212
   -0.0226
   -0.0233
   -0.0237
   -0.0238
   -0.0238
   -0.0237
   -0.0235
   -0.0235
   -0.0234
   -0.0235
   -0.0235
   -0.0237
   -0.0238
   -0.0238
   -0.0237
   -0.0233
   -0.0226
   -0.0212
   -0.0191
   -0.0162
   -0.0122
  -0.00724
  -0.00138
   0.00516
    0.0121
    0.0189
    0.0252
    0.0307
    0.0351
    0.0383
    0.0405
    0.0496
   -0.0011
 -0.000334
 -6.87e-05
  -1.4e-05
 -2.85e-06
 -5.66e-07
 -1.06e-07
 -1.46e-08
         0
         0
  -1.5e-08
 -1.08e-07
 -5.75e-07
 -2.88e-06
 -1.42e-05
 -6.93e-05
 -0.000337
  -0.00111
    0.0495
    0.0404
    0.0382
    0.0349
    0.0306
    0.0252
     0.019
    0.0123
   0.00561
 -0.000791
  -0.00654
   -0.0114
   -0.0153
   -0.0183
   -0.0204
   -0.0218
   -0.0226
    -0.023
   -0.0232
   -0.0232
   -0.0231
    -0.023
    -0.023
   -0.0229
    -0.023
    -0.023
   -0.0231
   -0.0232
   -0.0232
    -0.023
   -0.0226
   -0.0218
   -0.0204
   -0.0183
   -0.0153
   -0.0114
  -0.00654
 -0.000791
   0.00561
    0.0123
     0.019
    0.0252
    0.0306
    0.0349
    0.0382
    0.0404
    0.0495
  -0.00111
 -0.000337
 -6.93e-05
 -1.42e-05
 -2.88e-06
 -5.75e-07
 -1.08e-07
  -1.5e-08
         0
         0
 -1.51e-08
 -1.09e-07
 -5.79e-07
  -2.9e-06
 -1.43e-05
 -6.96e-05
 -0.000337
  -0.00111
    0.0495
    0.0404
    0.0381
    0.0349
    0.0306
    0.0252
    0.0191
    0.0125
   0.00588
 -0.000439
  -0.00612
   -0.0109
   -0.0148
   -0.0178
   -0.0199
   -0.0213
   -0.0221
   -0.0226
   -0.0228
   -0.0228
   -0.0227
   -0.0226
   -0.0226
   -0.0226
   -0.0226
   -0.0226
   -0.0227
   -0.0228
   -0.0228
   -0.0226
   -0.0221
   -0.0213
   -0.0199
   -0.0178
   -0.0148
   -0.0109
  -0.00612
 -0.000439
   0.00588
    0.0125
    0.0191
    0.0252
    0.0306
    0.0349
    0.0381
    0.0404
    0.0495
  -0.00111
 -0.000337
 -6.96e-05
 -1.43e-05
  -2.9e-06
 -5.79e-07
 -1.09e-07
 -1.51e-08
         0
         0
 -1.51e-08
 -1.09e-07
 -5.79e-07
 -2.89e-06
 -1.42e-05
 -6.94e-05
 -0.000337
  -0.00111
    0.0495
    0.0404
    0.0381
    0.0349
    0.0306
    0.0253
    0.0192
    0.0126
   0.00601
 -0.000279
  -0.00593
   -0.0107
   -0.0146
   -0.0176
   -0.0196
    -0.021
   -0.0218
   -0.0223
   -0.0224
   -0.0224
   -0.0224
   -0.0223
   -0.0222
   -0.0222
   -0.0222
   -0.0223
   -0.0224
   -0.0224
   -0.0224
   -0.0223
   -0.0218
    -0.021
   -0.0196
   -0.0176
   -0.0146
   -0.0107
  -0.00593
 -0.000279
   0.00601
    0.0126
    0.0192
    0.0253
    0.0306
    0.0349
    0.0381
    0.0404
    0.0495
  -0.00111
 -0.000337
 -6.94e-05
 -1.42e-05
 -2.89e-06
 -5.79e-07
 -1.09e-07
 -1.51e-08
         0
         0
 -1.49e-08
 -1.08e-07
 -5.72e-07
 -2.86e-06
 -1.41e-05
 -6.86e-05
 -0.000333
   -0.0011
    0.0495
    0.0404
    0.0382
    0.0349
    0.0306
    0.0253
    0.0192
    0.0126
   0.00599
 -0.000328
    -0.006
   -0.0108
   -0.0147
   -0.0176
   -0.0196
   -0.0209
   -0.0216
   -0.0219
    -0.022
   -0.0219
   -0.0218
   -0.0217
   -0.0216
   -0.0215
   -0.0216
   -0.0217
   -0.0218
   -0.0219
    -0.022
   -0.0219
   -0.0216
   -0.0209
   -0.0196
   -0.0176
   -0.0147
   -0.0108
    -0.006
 -0.000328
   0.00599
    0.0126
    0.0192
    0.0253
    0.0306
    0.0349
    0.0382
    0.0404
    0.0495
   -0.0011
 -0.000333
 -6.86e-05
 -1.41e-05
 -2.86e-06
 -5.72e-07
 -1.08e-07
 -1.49e-08
         0
      10.3
      10.3
      10.3
      10.3
      10.3
      10.3
      10.2
      10.2
      10.2
      10.2
      10.1
      9.93
       9.7
      9.43
      9.14
      8.84
      8.54
      8.25
      7.98
      7.73
       7.5
       7.3
      7.12
      6.95
      6.81
      6.69
      6.58
      6.49
      6.41
      6.36
      6.32
      6.29
      6.28
      6.29
      6.32
      6.36
      6.41
      6.49
      6.58
      6.69
      6.81
      6.95
      7.12
       7.3
       7.5
      7.73
      7.98
      8.25
      8.54
      8.84
      9.14
      9.43
       9.7
      9.93
      10.1
      10.2
      10.2
      10.2
      10.2
      10.3
      10.3
      10.3
      10.3
      10.3
      10.3
