       6.4
       6.4
       6.4
      6.39
      6.38
      6.36
      6.35
      6.33
      6.31
       6.3
      6.21
      6.05
      5.82
      5.56
      5.27
      4.97
      4.67
      4.38
      4.11
      3.86
      3.63
      3.43
      3.25
      3.08
      2.94
      2.82
      2.71
      2.62
      2.55
      2.49
      2.45
      2.42
      2.41
      2.42
      2.45
      2.49
      2.55
      2.62
      2.71
      2.82
      2.94
      3.08
      3.25
      3.43
      3.63
      3.86
      4.11
      4.38
      4.67
      4.97
      5.27
      5.56
      5.82
      6.05
      6.21
       6.3
      6.31
      6.33
      6.35
      6.36
      6.38
      6.39
       6.4
       6.4
       6.4
         0
 -1.27e-08
 -9.17e-08
 -4.87e-07
 -2.44e-06
  -1.2e-05
 -5.85e-05
 -0.000284
 -0.000979
    0.0416
    0.0348
    0.0329
    0.0301
    0.0264
    0.0218
    0.0165
    0.0109
    0.0051
  -0.00036
  -0.00526
   -0.0094
   -0.0127
   -0.0152
   -0.0169
   -0.0179
   -0.0185
   -0.0187
   -0.0187
   -0.0186
   -0.0184
   -0.0183
   -0.0182
   -0.0181
   -0.0182
   -0.0183
   -0.0184
   -0.0186
   -0.0187
   -0.0187
   -0.0185
   -0.0179
   -0.0169
   -0.0152
   -0.0127
   -0.0094
  -0.00526
  -0.00036
    0.0051
    0.0109
    0.0165
    0.0218
    0.0264
    0.0301
    0.0329
    0.0348
    0.0416
 -0.000979
 -0.000284
 -5.85e-05
  -1.2e-05
 -2.44e-06
 -4.87e-07
 -9.17e-08
 -1.27e-08
         0
         0
 -1.29e-08
 -9.29e-08
 -4.93e-07
 -2.47e-06
 -1.21e-05
 -5.92e-05
 -0.000287
  -0.00099
    0.0416
    0.0348
    0.0328
    0.0301
    0.0264
    0.0218
    0.0165
    0.0109
   0.00518
 -0.000242
  -0.00511
  -0.00925
   -0.0126
   -0.0151
   -0.0168
    -0.018
   -0.0186
   -0.0189
    -0.019
   -0.0189
   -0.0188
   -0.0187
   -0.0187
   -0.0186
   -0.0187
   -0.0187
   -0.0188
   -0.0189
    -0.019
   -0.0189
   -0.0186
    -0.018
   -0.0168
   -0.0151
   -0.0126
  -0.00925
  -0.00511
 -0.000242
   0.00518
    0.0109
    0.0165
    0.0218
    0.0264
    0.0301
    0.0328
    0.0348
    0.0416
  -0.00099
 -0.000287
 -5.92e-05
 -1.21e-05
 -2.47e-06
 -4.93e-07
 -9.29e-08
 -1.29e-08
         0
         0
  -1.3e-08
 -9.35e-08
 -4.97e-07
 -2.48e-06
 -1.22e-05
 -5.96e-05
 -0.000289
 -0.000997
    0.0416
    0.0348
    0.0328
      0.03
    0.0263
    0.0218
    0.0165
    0.0109
    0.0052
 -0.000215
  -0.00508
  -0.00922
   -0.0125
   -0.0151
   -0.0169
    -0.018
   -0.0187
   -0.0191
   -0.0192
   -0.0192
   -0.0191
    -0.019
    -0.019
    -0.019
    -0.019
    -0.019
   -0.0191
   -0.0192
   -0.0192
   -0.0191
   -0.0187
    -0.018
   -0.0169
   -0.0151
   -0.0125
  -0.00922
  -0.00508
 -0.000215
    0.0052
    0.0109
    0.0165
    0.0218
    0.0263
      0.03
    0.0328
    0.0348
    0.0416
 -0.000997
 -0.000289
 -5.96e-05
 -1.22e-05
 -2.48e-06
 -4.97e-07
 -9.35e-08
  -1.3e-08
         0
         0
  -1.3e-08
 -9.38e-08
 -4.98e-07
 -2.49e-06
 -1.22e-05
 -5.97e-05
  -0.00029
    -0.001
    0.0416
    0.0348
    0.0328
      0.03
    0.0263
    0.0218
    0.0165
    0.0109
   0.00517
  -0.00025
  -0.00512
  -0.00926
   -0.0126
   -0.0151
   -0.0169
   -0.0181
   -0.0189
   -0.0192
   -0.0194
   -0.0194
   -0.0193
   -0.0192
   -0.0192
   -0.0192
   -0.0192
   -0.0192
   -0.0193
   -0.0194
   -0.0194
   -0.0192
   -0.0189
   -0.0181
   -0.0169
   -0.0151
   -0.0126
  -0.00926
  -0.00512
  -0.00025
   0.00517
    0.0109
    0.0165
    0.0218
    0.0263
      0.03
    0.0328
    0.0348
    0.0416
    -0.001
  -0.00029
 -5.97e-05
 -1.22e-05
 -2.49e-06
 -4.98e-07
 -9.38e-08
  -1.3e-08
         0
         0
  -1.3e-08
 -9.37e-08
 -4.98e-07
 -2.49e-06
 -1.23e-05
 -5.98e-05
  -0.00029
    -0.001
    0.0416
    0.0348
    0.0328
      0.03
    0.0263
    0.0217
    0.0165
    0.0108
    0.0051
 -0.000333
  -0.00522
  -0.00937
   -0.0127
   -0.0153
   -0.0171
   -0.0183
    -0.019
   -0.0194
   -0.0195
   -0.0195
   -0.0195
   -0.0194
   -0.0194
   -0.0194
   -0.0194
   -0.0194
   -0.0195
   -0.0195
   -0.0195
   -0.0194
    -0.019
   -0.0183
   -0.0171
   -0.0153
   -0.0127
  -0.00937
  -0.00522
 -0.000333
    0.0051
    0.0108
    0.0165
    0.0217
    0.0263
      0.03
    0.0328
    0.0348
    0.0416
    -0.001
  -0.00029
 -5.98e-05
 -1.23e-05
 -2.49e-06
 -4.98e-07
 -9.37e-08
  -1.3e-08
         0
         0
 -1.29e-08
 -9.33e-08
 -4.96e-07
 -2.49e-06
 -1.22e-05
 -5.97e-05
  -0.00029
    -0.001
    0.0416
    0.0348
    0.0328
    0.0301
    0.0264
    0.0217
    0.0165
    0.0108
     0.005
 -0.000464
  -0.00538
  -0.00955
   -0.0129
   -0.0155
   -0.0173
   -0.0185
   -0.0192
   -0.0196
   -0.0197
   -0.0197
   -0.0197
   -0.0196
   -0.0195
   -0.0195
   -0.0195
   -0.0196
   -0.0197
   -0.0197
   -0.0197
   -0.0196
   -0.0192
   -0.0185
   -0.0173
   -0.0155
   -0.0129
  -0.00955
  -0.00538
 -0.000464
     0.005
    0.0108
    0.0165
    0.0217
    0.0264
    0.0301
    0.0328
    0.0348
    0.0416
    -0.001
  -0.00029
 -5.97e-05
 -1.22e-05
 -2.49e-06
 -4.96e-07
 -9.33e-08
 -1.29e-08
         0
         0
 -1.28e-08
 -9.26e-08
 -4.93e-07
 -2.47e-06
 -1.22e-05
 -5.95e-05
 -0.000289
 -0.000998
    0.0416
    0.0348
    0.0329
    0.0301
    0.0264
    0.0218
    0.0164
    0.0107
   0.00487
 -0.000648
   -0.0056
   -0.0098
   -0.0132
   -0.0157
   -0.0175
   -0.0187
   -0.0194
   -0.0198
   -0.0199
   -0.0199
   -0.0199
   -0.0198
   -0.0197
   -0.0197
   -0.0197
   -0.0198
   -0.0199
   -0.0199
   -0.0199
   -0.0198
   -0.0194
   -0.0187
   -0.0175
   -0.0157
   -0.0132
   -0.0098
   -0.0056
 -0.000648
   0.00487
    0.0107
    0.0164
    0.0218
    0.0264
    0.0301
    0.0329
    0.0348
    0.0416
 -0.000998
 -0.000289
 -5.95e-05
 -1.22e-05
 -2.47e-06
 -4.93e-07
 -9.26e-08
 -1.28e-08
         0
         0
 -1.27e-08
 -9.17e-08
 -4.89e-07
 -2.46e-06
 -1.21e-05
 -5.92e-05
 -0.000288
 -0.000994
    0.0416
    0.0348
    0.0329
    0.0302
    0.0264
    0.0218
    0.0164
    0.0106
   0.00468
 -0.000894
  -0.00589
   -0.0101
   -0.0135
   -0.0161
   -0.0179
   -0.0191
   -0.0197
   -0.0201
   -0.0202
   -0.0202
   -0.0201
     -0.02
   -0.0199
   -0.0199
   -0.0199
     -0.02
   -0.0201
   -0.0202
   -0.0202
   -0.0201
   -0.0197
   -0.0191
   -0.0179
   -0.0161
   -0.0135
   -0.0101
  -0.00589
 -0.000894
   0.00468
    0.0106
    0.0164
    0.0218
    0.0264
    0.0302
    0.0329
    0.0348
    0.0416
 -0.000994
 -0.000288
 -5.92e-05
 -1.21e-05
 -2.46e-06
 -4.89e-07
 -9.17e-08
 -1.27e-08
         0
         0
 -1.25e-08
 -9.03e-08
 -4.83e-07
 -2.43e-06
  -1.2e-05
 -5.88e-05
 -0.000286
 -0.000989
    0.0416
    0.0349
     0.033
    0.0303
    0.0265
    0.0218
    0.0163
    0.0104
   0.00445
  -0.00121
  -0.00628
   -0.0106
    -0.014
   -0.0165
   -0.0183
   -0.0195
   -0.0201
   -0.0204
   -0.0205
   -0.0205
   -0.0204
   -0.0203
   -0.0202
   -0.0202
   -0.0202
   -0.0203
   -0.0204
   -0.0205
   -0.0205
   -0.0204
   -0.0201
   -0.0195
   -0.0183
   -0.0165
    -0.014
   -0.0106
  -0.00628
  -0.00121
   0.00445
    0.0104
    0.0163
    0.0218
    0.0265
    0.0303
     0.033
    0.0349
    0.0416
 -0.000989
 -0.000286
 -5.88e-05
  -1.2e-05
 -2.43e-06
 -4.83e-07
 -9.03e-08
 -1.25e-08
         0
         0
 -1.22e-08
 -8.86e-08
 -4.75e-07
  -2.4e-06
 -1.19e-05
 -5.82e-05
 -0.000283
 -0.000981
    0.0416
    0.0349
    0.0331
    0.0304
    0.0266
    0.0218
    0.0163
    0.0102
   0.00415
  -0.00161
  -0.00676
   -0.0111
   -0.0145
   -0.0171
   -0.0189
     -0.02
   -0.0206
   -0.0209
   -0.0209
   -0.0208
   -0.0207
   -0.0206
   -0.0205
   -0.0205
   -0.0205
   -0.0206
   -0.0207
   -0.0208
   -0.0209
   -0.0209
   -0.0206
     -0.02
   -0.0189
   -0.0171
   -0.0145
   -0.0111
  -0.00676
  -0.00161
   0.00415
    0.0102
    0.0163
    0.0218
    0.0266
    0.0304
    0.0331
    0.0349
    0.0416
 -0.000981
 -0.000283
 -5.82e-05
 -1.19e-05
  -2.4e-06
 -4.75e-07
 -8.86e-08
 -1.22e-08
         0
         0
 -1.18e-08
 -8.63e-08
 -4.65e-07
 -2.36e-06
 -1.17e-05
 -5.74e-05
  -0.00028
 -0.000971
    0.0416
     0.035
    0.0332
    0.0305
    0.0267
    0.0219
    0.0162
      0.01
   0.00379
  -0.00211
  -0.00736
   -0.0118
   -0.0152
   -0.0178
   -0.0195
   -0.0206
   -0.0212
   -0.0214
   -0.0214
   -0.0213
   -0.0211
    -0.021
   -0.0209
   -0.0209
   -0.0209
    -0.021
   -0.0211
   -0.0213
   -0.0214
   -0.0214
   -0.0212
   -0.0206
   -0.0195
   -0.0178
   -0.0152
   -0.0118
  -0.00736
  -0.00211
   0.00379
      0.01
    0.0162
    0.0219
    0.0267
    0.0305
    0.0332
     0.035
    0.0416
 -0.000971
  -0.00028
 -5.74e-05
 -1.17e-05
 -2.36e-06
 -4.65e-07
 -8.63e-08
 -1.18e-08
         0
         0
 -1.13e-08
 -8.33e-08
 -4.52e-07
  -2.3e-06
 -1.14e-05
 -5.64e-05
 -0.000276
 -0.000957
    0.0417
    0.0351
    0.0334
    0.0307
    0.0269
     0.022
    0.0161
   0.00978
   0.00336
   -0.0027
  -0.00808
   -0.0126
   -0.0161
   -0.0186
   -0.0203
   -0.0214
   -0.0219
    -0.022
    -0.022
   -0.0218
   -0.0216
   -0.0214
   -0.0213
   -0.0213
   -0.0213
   -0.0214
   -0.0216
   -0.0218
    -0.022
    -0.022
   -0.0219
   -0.0214
   -0.0203
   -0.0186
   -0.0161
   -0.0126
  -0.00808
   -0.0027
   0.00336
   0.00978
    0.0161
     0.022
    0.0269
    0.0307
    0.0334
    0.0351
    0.0417
 -0.000957
 -0.000276
 -5.64e-05
 -1.14e-05
  -2.3e-06
 -4.52e-07
 -8.33e-08
 -1.13e-08
         0
         0
 -1.07e-08
 -7.95e-08
 -4.35e-07
 -2.23e-06
 -1.11e-05
 -5.51e-05
  -0.00027
 -0.000939
    0.0417
    0.0352
    0.0336
     0.031
    0.0271
    0.0221
    0.0161
    0.0095
   0.00287
  -0.00337
  -0.00889
   -0.0135
    -0.017
   -0.0195
   -0.0212
   -0.0222
   -0.0226
   -0.0227
   -0.0225
   -0.0223
   -0.0221
   -0.0219
   -0.0217
   -0.0217
   -0.0217
   -0.0219
   -0.0221
   -0.0223
   -0.0225
   -0.0227
   -0.0226
   -0.0222
   -0.0212
   -0.0195
    -0.017
   -0.0135
  -0.00889
  -0.00337
   0.00287
    0.0095
    0.0161
    0.0221
    0.0271
     0.031
    0.0336
    0.0352
    0.0417
 -0.000939
  -0.00027
 -5.51e-05
 -1.11e-05
 -2.23e-06
 -4.35e-07
 -7.95e-08
 -1.07e-08
         0
         0
    -1e-08
  -7.5e-08
 -4.15e-07
 -2.14e-06
 -1.08e-05
 -5.34e-05
 -0.000262
 -0.000916
    0.0418
    0.0354
    0.0339
    0.0313
    0.0274
    0.0222
     0.016
   0.00923
   0.00238
  -0.00407
  -0.00973
   -0.0144
    -0.018
   -0.0205
   -0.0221
    -0.023
   -0.0233
   -0.0233
   -0.0231
   -0.0228
   -0.0225
   -0.0223
   -0.0221
   -0.0221
   -0.0221
   -0.0223
   -0.0225
   -0.0228
   -0.0231
   -0.0233
   -0.0233
    -0.023
   -0.0221
   -0.0205
    -0.018
   -0.0144
  -0.00973
  -0.00407
   0.00238
   0.00923
     0.016
    0.0222
    0.0274
    0.0313
    0.0339
    0.0354
    0.0418
 -0.000916
 -0.000262
 -5.34e-05
 -1.08e-05
 -2.14e-06
 -4.15e-07
  -7.5e-08
    -1e-08
         0
         0
 -9.18e-09
 -6.98e-08
 -3.91e-07
 -2.04e-06
 -1.03e-05
 -5.14e-05
 -0.000253
 -0.000887
    0.0419
    0.0356
    0.0342
    0.0316
    0.0277
    0.0224
     0.016
   0.00903
   0.00196
  -0.00466
   -0.0105
   -0.0152
   -0.0188
   -0.0213
   -0.0228
   -0.0236
   -0.0238
   -0.0237
   -0.0234
   -0.0231
   -0.0227
   -0.0224
   -0.0222
   -0.0222
   -0.0222
   -0.0224
   -0.0227
   -0.0231
   -0.0234
   -0.0237
   -0.0238
   -0.0236
   -0.0228
   -0.0213
   -0.0188
   -0.0152
   -0.0105
  -0.00466
   0.00196
   0.00903
     0.016
    0.0224
    0.0277
    0.0316
    0.0342
    0.0356
    0.0419
 -0.000887
 -0.000253
 -5.14e-05
 -1.03e-05
 -2.04e-06
 -3.91e-07
 -6.98e-08
 -9.18e-09
         0
      19.3
 -8.32e-09
 -6.42e-08
 -3.65e-07
 -1.92e-06
 -9.78e-06
  -4.9e-05
 -0.000242
 -0.000851
     0.042
    0.0358
    0.0345
     0.032
    0.0281
    0.0227
    0.0162
   0.00904
   0.00181
  -0.00494
   -0.0108
   -0.0156
   -0.0191
   -0.0216
    -0.023
   -0.0237
   -0.0238
   -0.0236
   -0.0232
   -0.0228
   -0.0224
   -0.0221
   -0.0219
   -0.0218
   -0.0219
   -0.0221
   -0.0224
   -0.0228
   -0.0232
   -0.0236
   -0.0238
   -0.0237
    -0.023
   -0.0216
   -0.0191
   -0.0156
   -0.0108
  -0.00494
   0.00181
   0.00904
    0.0162
    0.0227
    0.0281
     0.032
    0.0345
    0.0358
     0.042
 -0.000851
 -0.000242
  -4.9e-05
 -9.78e-06
 -1.92e-06
 -3.65e-07
 -6.42e-08
 -8.32e-09
      19.3
      19.3
 -7.22e-09
 -5.73e-08
 -3.33e-07
 -1.78e-06
 -9.15e-06
 -4.61e-05
 -0.000229
 -0.000807
     0.042
    0.0359
    0.0348
    0.0324
    0.0285
    0.0232
    0.0166
   0.00945
   0.00221
  -0.00454
   -0.0104
   -0.0151
   -0.0185
   -0.0209
   -0.0222
   -0.0228
   -0.0228
   -0.0225
   -0.0221
   -0.0216
   -0.0211
   -0.0207
   -0.0205
   -0.0204
   -0.0205
   -0.0207
   -0.0211
   -0.0216
   -0.0221
   -0.0225
   -0.0228
   -0.0228
   -0.0222
   -0.0209
   -0.0185
   -0.0151
   -0.0104
  -0.00454
   0.00221
   0.00945
    0.0166
    0.0232
    0.0285
    0.0324
    0.0348
    0.0359
     0.042
 -0.000807
 -0.000229
 -4.61e-05
 -9.15e-06
 -1.78e-06
 -3.33e-07
 -5.73e-08
 -7.22e-09
      19.3
      19.3
 -6.21e-09
 -5.05e-08
 -2.99e-07
 -1.62e-06
  -8.4e-06
 -4.25e-05
 -0.000212
  -0.00075
    0.0421
    0.0361
     0.035
    0.0328
    0.0291
    0.0239
    0.0176
    0.0106
   0.00361
  -0.00291
  -0.00852
    -0.013
   -0.0163
   -0.0185
   -0.0197
   -0.0202
   -0.0201
   -0.0197
   -0.0192
   -0.0186
   -0.0181
   -0.0178
   -0.0175
   -0.0174
   -0.0175
   -0.0178
   -0.0181
   -0.0186
   -0.0192
   -0.0197
   -0.0201
   -0.0202
   -0.0197
   -0.0185
   -0.0163
    -0.013
  -0.00852
  -0.00291
   0.00361
    0.0106
    0.0176
    0.0239
    0.0291
    0.0328
     0.035
    0.0361
    0.0421
  -0.00075
 -0.000212
 -4.25e-05
  -8.4e-06
 -1.62e-06
 -2.99e-07
 -5.05e-08
 -6.21e-09
      19.3
      19.3
 -5.28e-09
 -4.36e-08
 -2.61e-07
 -1.42e-06
 -7.42e-06
 -3.76e-05
 -0.000188
 -0.000666
    0.0423
    0.0363
    0.0353
    0.0333
      0.03
    0.0252
    0.0195
    0.0131
   0.00668
  0.000737
  -0.00437
  -0.00842
   -0.0114
   -0.0133
   -0.0143
   -0.0146
   -0.0145
   -0.0141
   -0.0135
    -0.013
   -0.0125
   -0.0121
   -0.0119
   -0.0118
   -0.0119
   -0.0121
   -0.0125
    -0.013
   -0.0135
   -0.0141
   -0.0145
   -0.0146
   -0.0143
   -0.0133
   -0.0114
  -0.00842
  -0.00437
  0.000737
   0.00668
    0.0131
    0.0195
    0.0252
      0.03
    0.0333
    0.0353
    0.0363
    0.0423
 -0.000666
 -0.000188
 -3.76e-05
 -7.42e-06
 -1.42e-06
 -2.61e-07
 -4.36e-08
 -5.28e-09
      19.3
      19.3
 -4.26e-09
 -3.52e-08
 -2.12e-07
 -1.15e-06
 -6.01e-06
 -3.05e-05
 -0.000152
 -0.000539
    0.0424
    0.0365
    0.0357
     0.034
    0.0313
    0.0274
    0.0226
    0.0174
    0.0121
   0.00726
   0.00308
 -0.000223
   -0.0026
  -0.00411
   -0.0049
  -0.00511
  -0.00494
  -0.00453
  -0.00403
  -0.00352
  -0.00307
  -0.00273
  -0.00252
  -0.00245
  -0.00252
  -0.00273
  -0.00307
  -0.00352
  -0.00403
  -0.00453
  -0.00494
  -0.00511
   -0.0049
  -0.00411
   -0.0026
 -0.000223
   0.00308
   0.00726
    0.0121
    0.0174
    0.0226
    0.0274
    0.0313
     0.034
    0.0357
    0.0365
    0.0424
 -0.000539
 -0.000152
 -3.05e-05
 -6.01e-06
 -1.15e-06
 -2.12e-07
 -3.52e-08
 -4.26e-09
      19.3
      19.3
 -3.03e-09
 -2.51e-08
 -1.51e-07
  -8.2e-07
 -4.26e-06
 -2.16e-05
 -0.000108
 -0.000381
 -0.000505
 -0.000652
   -0.0012
  -0.00238
  -0.00435
  -0.00713
   -0.0106
   -0.0143
   -0.0181
   -0.0216
   -0.0246
   -0.0269
   -0.0286
   -0.0297
   -0.0302
   -0.0303
   -0.0301
   -0.0298
   -0.0294
    -0.029
   -0.0286
   -0.0284
   -0.0282
   -0.0281
   -0.0282
   -0.0284
   -0.0286
    -0.029
   -0.0294
   -0.0298
   -0.0301
   -0.0303
   -0.0302
   -0.0297
   -0.0286
   -0.0269
   -0.0246
   -0.0216
   -0.0181
   -0.0143
   -0.0106
  -0.00713
  -0.00435
  -0.00238
   -0.0012
 -0.000652
 -0.000505
 -0.000381
 -0.000108
 -2.16e-05
 -4.26e-06
  -8.2e-07
 -1.51e-07
 -2.51e-08
 -3.03e-09
      19.3
      19.3
 -2.42e-09
 -1.99e-08
 -1.19e-07
 -6.44e-07
 -3.34e-06
 -1.69e-05
 -8.42e-05
 -0.000297
 -0.000396
 -0.000518
 -0.000959
  -0.00189
  -0.00344
  -0.00562
   -0.0083
   -0.0112
   -0.0142
    -0.017
   -0.0193
   -0.0211
   -0.0224
   -0.0232
   -0.0236
   -0.0236
   -0.0235
   -0.0232
   -0.0228
   -0.0225
   -0.0222
    -0.022
   -0.0218
   -0.0218
   -0.0218
    -0.022
   -0.0222
   -0.0225
   -0.0228
   -0.0232
   -0.0235
   -0.0236
   -0.0236
   -0.0232
   -0.0224
   -0.0211
   -0.0193
    -0.017
   -0.0142
   -0.0112
   -0.0083
  -0.00562
  -0.00344
  -0.00189
 -0.000959
 -0.000518
 -0.000396
 -0.000297
 -8.42e-05
 -1.69e-05
 -3.34e-06
 -6.44e-07
 -1.19e-07
 -1.99e-08
 -2.42e-09
      19.3
      19.3
  -2.1e-09
 -1.71e-08
 -1.02e-07
 -5.49e-07
 -2.84e-06
 -1.43e-05
 -7.13e-05
 -0.000252
 -0.000337
 -0.000446
 -0.000826
  -0.00162
  -0.00294
  -0.00479
  -0.00707
  -0.00957
   -0.0121
   -0.0144
   -0.0164
   -0.0179
    -0.019
   -0.0197
     -0.02
     -0.02
   -0.0199
   -0.0196
   -0.0193
    -0.019
   -0.0187
   -0.0185
   -0.0184
   -0.0184
   -0.0184
   -0.0185
   -0.0187
    -0.019
   -0.0193
   -0.0196
   -0.0199
     -0.02
     -0.02
   -0.0197
    -0.019
   -0.0179
   -0.0164
   -0.0144
   -0.0121
  -0.00957
  -0.00707
  -0.00479
  -0.00294
  -0.00162
 -0.000826
 -0.000446
 -0.000337
 -0.000252
 -7.13e-05
 -1.43e-05
 -2.84e-06
 -5.49e-07
 -1.02e-07
 -1.71e-08
  -2.1e-09
      19.3
      19.3
  -1.9e-09
 -1.54e-08
 -9.12e-08
 -4.91e-07
 -2.53e-06
 -1.28e-05
 -6.35e-05
 -0.000224
 -0.000302
 -0.000403
 -0.000747
  -0.00146
  -0.00264
  -0.00429
  -0.00632
  -0.00855
   -0.0108
   -0.0129
   -0.0146
    -0.016
    -0.017
   -0.0175
   -0.0178
   -0.0178
   -0.0177
   -0.0174
   -0.0171
   -0.0168
   -0.0166
   -0.0164
   -0.0163
   -0.0163
   -0.0163
   -0.0164
   -0.0166
   -0.0168
   -0.0171
   -0.0174
   -0.0177
   -0.0178
   -0.0178
   -0.0175
    -0.017
    -0.016
   -0.0146
   -0.0129
   -0.0108
  -0.00855
  -0.00632
  -0.00429
  -0.00264
  -0.00146
 -0.000747
 -0.000403
 -0.000302
 -0.000224
 -6.35e-05
 -1.28e-05
 -2.53e-06
 -4.91e-07
 -9.12e-08
 -1.54e-08
  -1.9e-09
      19.3
      19.3
 -1.78e-09
 -1.44e-08
 -8.45e-08
 -4.54e-07
 -2.34e-06
 -1.18e-05
 -5.85e-05
 -0.000206
 -0.000279
 -0.000375
 -0.000696
  -0.00135
  -0.00244
  -0.00396
  -0.00583
  -0.00789
  -0.00995
   -0.0119
   -0.0135
   -0.0147
   -0.0156
   -0.0161
   -0.0164
   -0.0164
   -0.0162
    -0.016
   -0.0157
   -0.0154
   -0.0152
    -0.015
   -0.0149
   -0.0149
   -0.0149
    -0.015
   -0.0152
   -0.0154
   -0.0157
    -0.016
   -0.0162
   -0.0164
   -0.0164
   -0.0161
   -0.0156
   -0.0147
   -0.0135
   -0.0119
  -0.00995
  -0.00789
  -0.00583
  -0.00396
  -0.00244
  -0.00135
 -0.000696
 -0.000375
 -0.000279
 -0.000206
 -5.85e-05
 -1.18e-05
 -2.34e-06
 -4.54e-07
 -8.45e-08
 -1.44e-08
 -1.78e-09
      19.3
      19.3
  -1.7e-09
 -1.36e-08
 -8.01e-08
 -4.29e-07
 -2.21e-06
 -1.11e-05
 -5.51e-05
 -0.000194
 -0.000263
 -0.000356
 -0.000661
  -0.00128
  -0.00231
  -0.00374
   -0.0055
  -0.00743
  -0.00937
   -0.0112
   -0.0127
   -0.0139
   -0.0147
   -0.0152
   -0.0154
   -0.0154
   -0.0153
    -0.015
   -0.0148
   -0.0145
   -0.0143
   -0.0141
    -0.014
    -0.014
    -0.014
   -0.0141
   -0.0143
   -0.0145
   -0.0148
    -0.015
   -0.0153
   -0.0154
   -0.0154
   -0.0152
   -0.0147
   -0.0139
   -0.0127
   -0.0112
  -0.00937
  -0.00743
   -0.0055
  -0.00374
  -0.00231
  -0.00128
 -0.000661
 -0.000356
 -0.000263
 -0.000194
 -5.51e-05
 -1.11e-05
 -2.21e-06
 -4.29e-07
 -8.01e-08
 -1.36e-08
  -1.7e-09
      19.3
      19.3
 -1.64e-09
 -1.32e-08
  -7.7e-08
 -4.12e-07
 -2.12e-06
 -1.06e-05
 -5.28e-05
 -0.000186
 -0.000253
 -0.000343
 -0.000637
  -0.00123
  -0.00222
  -0.00359
  -0.00527
  -0.00712
  -0.00897
   -0.0107
   -0.0121
   -0.0133
   -0.0141
   -0.0145
   -0.0147
   -0.0147
   -0.0146
   -0.0144
   -0.0141
   -0.0139
   -0.0136
   -0.0135
   -0.0134
   -0.0134
   -0.0134
   -0.0135
   -0.0136
   -0.0139
   -0.0141
   -0.0144
   -0.0146
   -0.0147
   -0.0147
   -0.0145
   -0.0141
   -0.0133
   -0.0121
   -0.0107
  -0.00897
  -0.00712
  -0.00527
  -0.00359
  -0.00222
  -0.00123
 -0.000637
 -0.000343
 -0.000253
 -0.000186
 -5.28e-05
 -1.06e-05
 -2.12e-06
 -4.12e-07
  -7.7e-08
 -1.32e-08
 -1.64e-09
      19.3
      19.3
  -1.6e-09
 -1.28e-08
 -7.49e-08
    -4e-07
 -2.05e-06
 -1.03e-05
 -5.11e-05
  -0.00018
 -0.000245
 -0.000334
 -0.000621
   -0.0012
  -0.00215
  -0.00348
   -0.0051
  -0.00689
  -0.00869
   -0.0103
   -0.0118
   -0.0128
   -0.0136
   -0.0141
   -0.0143
   -0.0142
   -0.0141
   -0.0139
   -0.0136
   -0.0134
   -0.0132
    -0.013
   -0.0129
   -0.0129
   -0.0129
    -0.013
   -0.0132
   -0.0134
   -0.0136
   -0.0139
   -0.0141
   -0.0142
   -0.0143
   -0.0141
   -0.0136
   -0.0128
   -0.0118
   -0.0103
  -0.00869
  -0.00689
   -0.0051
  -0.00348
  -0.00215
   -0.0012
 -0.000621
 -0.000334
 -0.000245
  -0.00018
 -5.11e-05
 -1.03e-05
 -2.05e-06
    -4e-07
 -7.49e-08
 -1.28e-08
  -1.6e-09
      19.3
      19.3
 -1.58e-09
 -1.26e-08
 -7.34e-08
 -3.92e-07
 -2.01e-06
 -1.01e-05
 -4.99e-05
 -0.000176
  -0.00024
 -0.000328
 -0.000609
  -0.00117
   -0.0021
   -0.0034
  -0.00498
  -0.00673
  -0.00848
   -0.0101
   -0.0115
   -0.0125
   -0.0133
   -0.0137
   -0.0139
   -0.0139
   -0.0138
   -0.0135
   -0.0133
   -0.0131
   -0.0129
   -0.0127
   -0.0126
   -0.0126
   -0.0126
   -0.0127
   -0.0129
   -0.0131
   -0.0133
   -0.0135
   -0.0138
   -0.0139
   -0.0139
   -0.0137
   -0.0133
   -0.0125
   -0.0115
   -0.0101
  -0.00848
  -0.00673
  -0.00498
   -0.0034
   -0.0021
  -0.00117
 -0.000609
 -0.000328
  -0.00024
 -0.000176
 -4.99e-05
 -1.01e-05
 -2.01e-06
 -3.92e-07
 -7.34e-08
 -1.26e-08
 -1.58e-09
      19.3
      19.3
 -1.56e-09
 -1.24e-08
 -7.24e-08
 -3.86e-07
 -1.98e-06
 -9.91e-06
 -4.91e-05
 -0.000173
 -0.000236
 -0.000324
 -0.000601
  -0.00116
  -0.00207
  -0.00334
   -0.0049
  -0.00661
  -0.00833
  -0.00992
   -0.0113
   -0.0123
    -0.013
   -0.0135
   -0.0137
   -0.0137
   -0.0135
   -0.0133
   -0.0131
   -0.0128
   -0.0126
   -0.0125
   -0.0124
   -0.0123
   -0.0124
   -0.0125
   -0.0126
   -0.0128
   -0.0131
   -0.0133
   -0.0135
   -0.0137
   -0.0137
   -0.0135
    -0.013
   -0.0123
   -0.0113
  -0.00992
  -0.00833
  -0.00661
   -0.0049
  -0.00334
  -0.00207
  -0.00116
 -0.000601
 -0.000324
 -0.000236
 -0.000173
 -4.91e-05
 -9.91e-06
 -1.98e-06
 -3.86e-07
 -7.24e-08
 -1.24e-08
 -1.56e-09
      19.3
      19.3
 -1.55e-09
 -1.23e-08
 -7.17e-08
 -3.82e-07
 -1.95e-06
 -9.79e-06
 -4.85e-05
 -0.000171
 -0.000234
 -0.000321
 -0.000595
  -0.00115
  -0.00205
   -0.0033
  -0.00483
  -0.00652
  -0.00822
  -0.00979
   -0.0111
   -0.0122
   -0.0129
   -0.0133
   -0.0135
   -0.0135
   -0.0133
   -0.0131
   -0.0129
   -0.0126
   -0.0125
   -0.0123
   -0.0122
   -0.0122
   -0.0122
   -0.0123
   -0.0125
   -0.0126
   -0.0129
   -0.0131
   -0.0133
   -0.0135
   -0.0135
   -0.0133
   -0.0129
   -0.0122
   -0.0111
  -0.00979
  -0.00822
  -0.00652
  -0.00483
   -0.0033
  -0.00205
  -0.00115
 -0.000595
 -0.000321
 -0.000234
 -0.000171
 -4.85e-05
 -9.79e-06
 -1.95e-06
 -3.82e-07
 -7.17e-08
 -1.23e-08
 -1.55e-09
      19.3
      19.3
 -1.55e-09
 -1.23e-08
 -7.12e-08
 -3.79e-07
 -1.94e-06
 -9.71e-06
 -4.81e-05
 -0.000169
 -0.000232
 -0.000319
 -0.000591
  -0.00114
  -0.00203
  -0.00327
  -0.00479
  -0.00646
  -0.00814
  -0.00969
    -0.011
    -0.012
   -0.0127
   -0.0132
   -0.0133
   -0.0133
   -0.0132
    -0.013
   -0.0128
   -0.0125
   -0.0123
   -0.0122
   -0.0121
   -0.0121
   -0.0121
   -0.0122
   -0.0123
   -0.0125
   -0.0128
    -0.013
   -0.0132
   -0.0133
   -0.0133
   -0.0132
   -0.0127
    -0.012
    -0.011
  -0.00969
  -0.00814
  -0.00646
  -0.00479
  -0.00327
  -0.00203
  -0.00114
 -0.000591
 -0.000319
 -0.000232
 -0.000169
 -4.81e-05
 -9.71e-06
 -1.94e-06
 -3.79e-07
 -7.12e-08
 -1.23e-08
 -1.55e-09
      19.3
      19.3
 -1.54e-09
 -1.22e-08
 -7.09e-08
 -3.77e-07
 -1.93e-06
 -9.66e-06
 -4.78e-05
 -0.000168
 -0.000231
 -0.000318
 -0.000589
  -0.00113
  -0.00202
  -0.00325
  -0.00475
  -0.00641
  -0.00808
  -0.00962
   -0.0109
   -0.0119
   -0.0126
   -0.0131
   -0.0132
   -0.0132
   -0.0131
   -0.0129
   -0.0127
   -0.0124
   -0.0122
   -0.0121
    -0.012
    -0.012
    -0.012
   -0.0121
   -0.0122
   -0.0124
   -0.0127
   -0.0129
   -0.0131
   -0.0132
   -0.0132
   -0.0131
   -0.0126
   -0.0119
   -0.0109
  -0.00962
  -0.00808
  -0.00641
  -0.00475
  -0.00325
  -0.00202
  -0.00113
 -0.000589
 -0.000318
 -0.000231
 -0.000168
 -4.78e-05
 -9.66e-06
 -1.93e-06
 -3.77e-07
 -7.09e-08
 -1.22e-08
 -1.54e-09
      19.3
      19.3
 -1.54e-09
 -1.22e-08
 -7.08e-08
 -3.76e-07
 -1.92e-06
 -9.62e-06
 -4.76e-05
 -0.000167
  -0.00023
 -0.000317
 -0.000588
  -0.00113
  -0.00201
  -0.00323
  -0.00473
  -0.00638
  -0.00803
  -0.00956
   -0.0109
   -0.0119
   -0.0126
    -0.013
   -0.0132
   -0.0132
    -0.013
   -0.0128
   -0.0126
   -0.0124
   -0.0122
    -0.012
   -0.0119
   -0.0119
   -0.0119
    -0.012
   -0.0122
   -0.0124
   -0.0126
   -0.0128
    -0.013
   -0.0132
   -0.0132
    -0.013
   -0.0126
   -0.0119
   -0.0109
  -0.00956
  -0.00803
  -0.00638
  -0.00473
  -0.00323
  -0.00201
  -0.00113
 -0.000588
 -0.000317
  -0.00023
 -0.000167
 -4.76e-05
 -9.62e-06
 -1.92e-06
 -3.76e-07
 -7.08e-08
 -1.22e-08
 -1.54e-09
      19.3
      19.3
 -1.55e-09
 -1.22e-08
 -7.07e-08
 -3.75e-07
 -1.92e-06
 -9.59e-06
 -4.75e-05
 -0.000167
 -0.000229
 -0.000317
 -0.000587
  -0.00112
    -0.002
  -0.00322
  -0.00471
  -0.00635
    -0.008
  -0.00952
   -0.0108
   -0.0118
   -0.0125
   -0.0129
   -0.0131
   -0.0131
    -0.013
   -0.0128
   -0.0125
   -0.0123
   -0.0121
    -0.012
   -0.0119
   -0.0119
   -0.0119
    -0.012
   -0.0121
   -0.0123
   -0.0125
   -0.0128
    -0.013
   -0.0131
   -0.0131
   -0.0129
   -0.0125
   -0.0118
   -0.0108
  -0.00952
    -0.008
  -0.00635
  -0.00471
  -0.00322
    -0.002
  -0.00112
 -0.000587
 -0.000317
 -0.000229
 -0.000167
 -4.75e-05
 -9.59e-06
 -1.92e-06
 -3.75e-07
 -7.07e-08
 -1.22e-08
 -1.55e-09
      19.3
      19.3
 -1.55e-09
 -1.22e-08
 -7.07e-08
 -3.75e-07
 -1.91e-06
 -9.58e-06
 -4.74e-05
 -0.000167
 -0.000229
 -0.000317
 -0.000587
  -0.00112
    -0.002
  -0.00321
   -0.0047
  -0.00633
  -0.00798
  -0.00949
   -0.0108
   -0.0118
   -0.0125
   -0.0129
   -0.0131
   -0.0131
   -0.0129
   -0.0127
   -0.0125
   -0.0123
   -0.0121
   -0.0119
   -0.0119
   -0.0118
   -0.0119
   -0.0119
   -0.0121
   -0.0123
   -0.0125
   -0.0127
   -0.0129
   -0.0131
   -0.0131
   -0.0129
   -0.0125
   -0.0118
   -0.0108
  -0.00949
  -0.00798
  -0.00633
   -0.0047
  -0.00321
    -0.002
  -0.00112
 -0.000587
 -0.000317
 -0.000229
 -0.000167
 -4.74e-05
 -9.58e-06
 -1.91e-06
 -3.75e-07
 -7.07e-08
 -1.22e-08
 -1.55e-09
      19.3
      19.3
 -1.55e-09
 -1.23e-08
 -7.08e-08
 -3.75e-07
 -1.91e-06
 -9.58e-06
 -4.74e-05
 -0.000166
 -0.000229
 -0.000318
 -0.000588
  -0.00112
    -0.002
  -0.00321
  -0.00469
  -0.00632
  -0.00796
  -0.00947
   -0.0108
   -0.0118
   -0.0125
   -0.0129
   -0.0131
    -0.013
   -0.0129
   -0.0127
   -0.0125
   -0.0123
   -0.0121
   -0.0119
   -0.0118
   -0.0118
   -0.0118
   -0.0119
   -0.0121
   -0.0123
   -0.0125
   -0.0127
   -0.0129
    -0.013
   -0.0131
   -0.0129
   -0.0125
   -0.0118
   -0.0108
  -0.00947
  -0.00796
  -0.00632
  -0.00469
  -0.00321
    -0.002
  -0.00112
 -0.000588
 -0.000318
 -0.000229
 -0.000166
 -4.74e-05
 -9.58e-06
 -1.91e-06
 -3.75e-07
 -7.08e-08
 -1.23e-08
 -1.55e-09
      19.3
      19.3
 -1.56e-09
 -1.23e-08
 -7.09e-08
 -3.76e-07
 -1.92e-06
 -9.58e-06
 -4.74e-05
 -0.000166
 -0.000229
 -0.000318
 -0.000589
  -0.00112
    -0.002
  -0.00321
  -0.00468
  -0.00631
  -0.00795
  -0.00946
   -0.0107
   -0.0117
   -0.0124
   -0.0129
    -0.013
    -0.013
   -0.0129
   -0.0127
   -0.0125
   -0.0122
    -0.012
   -0.0119
   -0.0118
   -0.0118
   -0.0118
   -0.0119
    -0.012
   -0.0122
   -0.0125
   -0.0127
   -0.0129
    -0.013
    -0.013
   -0.0129
   -0.0124
   -0.0117
   -0.0107
  -0.00946
  -0.00795
  -0.00631
  -0.00468
  -0.00321
    -0.002
  -0.00112
 -0.000589
 -0.000318
 -0.000229
 -0.000166
 -4.74e-05
 -9.58e-06
 -1.92e-06
 -3.76e-07
 -7.09e-08
 -1.23e-08
 -1.56e-09
      19.3
      19.3
 -1.57e-09
 -1.24e-08
 -7.11e-08
 -3.76e-07
 -1.92e-06
 -9.59e-06
 -4.74e-05
 -0.000166
  -0.00023
 -0.000319
  -0.00059
  -0.00113
    -0.002
   -0.0032
  -0.00468
  -0.00631
  -0.00794
  -0.00945
   -0.0107
   -0.0117
   -0.0124
   -0.0128
    -0.013
    -0.013
   -0.0129
   -0.0127
   -0.0125
   -0.0122
    -0.012
   -0.0119
   -0.0118
   -0.0118
   -0.0118
   -0.0119
    -0.012
   -0.0122
   -0.0125
   -0.0127
   -0.0129
    -0.013
    -0.013
   -0.0128
   -0.0124
   -0.0117
   -0.0107
  -0.00945
  -0.00794
  -0.00631
  -0.00468
   -0.0032
    -0.002
  -0.00113
  -0.00059
 -0.000319
  -0.00023
 -0.000166
 -4.74e-05
 -9.59e-06
 -1.92e-06
 -3.76e-07
 -7.11e-08
 -1.24e-08
 -1.57e-09
      19.3
      19.3
 -1.58e-09
 -1.24e-08
 -7.14e-08
 -3.77e-07
 -1.92e-06
  -9.6e-06
 -4.75e-05
 -0.000167
  -0.00023
  -0.00032
 -0.000592
  -0.00113
    -0.002
  -0.00321
  -0.00468
   -0.0063
  -0.00793
  -0.00944
   -0.0107
   -0.0117
   -0.0124
   -0.0128
    -0.013
    -0.013
   -0.0129
   -0.0127
   -0.0125
   -0.0122
    -0.012
   -0.0119
   -0.0118
   -0.0118
   -0.0118
   -0.0119
    -0.012
   -0.0122
   -0.0125
   -0.0127
   -0.0129
    -0.013
    -0.013
   -0.0128
   -0.0124
   -0.0117
   -0.0107
  -0.00944
  -0.00793
   -0.0063
  -0.00468
  -0.00321
    -0.002
  -0.00113
 -0.000592
  -0.00032
  -0.00023
 -0.000167
 -4.75e-05
  -9.6e-06
 -1.92e-06
 -3.77e-07
 -7.14e-08
 -1.24e-08
 -1.58e-09
      19.3
      19.3
 -1.59e-09
 -1.25e-08
 -7.16e-08
 -3.78e-07
 -1.93e-06
 -9.62e-06
 -4.76e-05
 -0.000167
 -0.000231
 -0.000322
 -0.000594
  -0.00113
    -0.002
  -0.00321
  -0.00468
   -0.0063
  -0.00793
  -0.00944
   -0.0107
   -0.0117
   -0.0124
   -0.0128
    -0.013
    -0.013
   -0.0129
   -0.0127
   -0.0125
   -0.0122
    -0.012
   -0.0119
   -0.0118
   -0.0118
   -0.0118
   -0.0119
    -0.012
   -0.0122
   -0.0125
   -0.0127
   -0.0129
    -0.013
    -0.013
   -0.0128
   -0.0124
   -0.0117
   -0.0107
  -0.00944
  -0.00793
   -0.0063
  -0.00468
  -0.00321
    -0.002
  -0.00113
 -0.000594
 -0.000322
 -0.000231
 -0.000167
 -4.76e-05
 -9.62e-06
 -1.93e-06
 -3.78e-07
 -7.16e-08
 -1.25e-08
 -1.59e-09
      19.3
      19.3
  -1.6e-09
 -1.25e-08
  -7.2e-08
  -3.8e-07
 -1.93e-06
 -9.65e-06
 -4.77e-05
 -0.000167
 -0.000231
 -0.000323
 -0.000597
  -0.00113
    -0.002
  -0.00321
  -0.00469
  -0.00631
  -0.00794
  -0.00944
   -0.0107
   -0.0117
   -0.0124
   -0.0128
    -0.013
    -0.013
   -0.0129
   -0.0127
   -0.0125
   -0.0122
   -0.0121
   -0.0119
   -0.0118
   -0.0118
   -0.0118
   -0.0119
   -0.0121
   -0.0122
   -0.0125
   -0.0127
   -0.0129
    -0.013
    -0.013
   -0.0128
   -0.0124
   -0.0117
   -0.0107
  -0.00944
  -0.00794
  -0.00631
  -0.00469
  -0.00321
    -0.002
  -0.00113
 -0.000597
 -0.000323
 -0.000231
 -0.000167
 -4.77e-05
 -9.65e-06
 -1.93e-06
  -3.8e-07
  -7.2e-08
 -1.25e-08
  -1.6e-09
      19.3
      19.3
 -1.61e-09
 -1.26e-08
 -7.23e-08
 -3.81e-07
 -1.94e-06
 -9.68e-06
 -4.78e-05
 -0.000168
 -0.000232
 -0.000325
   -0.0006
  -0.00114
  -0.00201
  -0.00322
  -0.00469
  -0.00631
  -0.00795
  -0.00945
   -0.0107
   -0.0117
   -0.0124
   -0.0129
    -0.013
    -0.013
   -0.0129
   -0.0127
   -0.0125
   -0.0123
   -0.0121
   -0.0119
   -0.0118
   -0.0118
   -0.0118
   -0.0119
   -0.0121
   -0.0123
   -0.0125
   -0.0127
   -0.0129
    -0.013
    -0.013
   -0.0129
   -0.0124
   -0.0117
   -0.0107
  -0.00945
  -0.00795
  -0.00631
  -0.00469
  -0.00322
  -0.00201
  -0.00114
   -0.0006
 -0.000325
 -0.000232
 -0.000168
 -4.78e-05
 -9.68e-06
 -1.94e-06
 -3.81e-07
 -7.23e-08
 -1.26e-08
 -1.61e-09
      19.3
      19.3
 -1.63e-09
 -1.27e-08
 -7.28e-08
 -3.83e-07
 -1.95e-06
 -9.72e-06
  -4.8e-05
 -0.000168
 -0.000233
 -0.000327
 -0.000603
  -0.00114
  -0.00202
  -0.00323
   -0.0047
  -0.00633
  -0.00796
  -0.00947
   -0.0108
   -0.0118
   -0.0125
   -0.0129
   -0.0131
   -0.0131
   -0.0129
   -0.0127
   -0.0125
   -0.0123
   -0.0121
    -0.012
   -0.0119
   -0.0118
   -0.0119
    -0.012
   -0.0121
   -0.0123
   -0.0125
   -0.0127
   -0.0129
   -0.0131
   -0.0131
   -0.0129
   -0.0125
   -0.0118
   -0.0108
  -0.00947
  -0.00796
  -0.00633
   -0.0047
  -0.00323
  -0.00202
  -0.00114
 -0.000603
 -0.000327
 -0.000233
 -0.000168
  -4.8e-05
 -9.72e-06
 -1.95e-06
 -3.83e-07
 -7.28e-08
 -1.27e-08
 -1.63e-09
      19.3
      19.3
 -1.64e-09
 -1.28e-08
 -7.33e-08
 -3.86e-07
 -1.96e-06
 -9.77e-06
 -4.82e-05
 -0.000169
 -0.000235
  -0.00033
 -0.000607
  -0.00115
  -0.00202
  -0.00324
  -0.00471
  -0.00634
  -0.00798
  -0.00949
   -0.0108
   -0.0118
   -0.0125
   -0.0129
   -0.0131
   -0.0131
    -0.013
   -0.0128
   -0.0125
   -0.0123
   -0.0121
    -0.012
   -0.0119
   -0.0119
   -0.0119
    -0.012
   -0.0121
   -0.0123
   -0.0125
   -0.0128
    -0.013
   -0.0131
   -0.0131
   -0.0129
   -0.0125
   -0.0118
   -0.0108
  -0.00949
  -0.00798
  -0.00634
  -0.00471
  -0.00324
  -0.00202
  -0.00115
 -0.000607
  -0.00033
 -0.000235
 -0.000169
 -4.82e-05
 -9.77e-06
 -1.96e-06
 -3.86e-07
 -7.33e-08
 -1.28e-08
 -1.64e-09
      19.3
      19.3
 -1.66e-09
 -1.29e-08
 -7.39e-08
 -3.88e-07
 -1.97e-06
 -9.83e-06
 -4.85e-05
  -0.00017
 -0.000236
 -0.000332
 -0.000612
  -0.00116
  -0.00204
  -0.00325
  -0.00473
  -0.00637
  -0.00801
  -0.00952
   -0.0108
   -0.0118
   -0.0125
    -0.013
   -0.0131
   -0.0131
    -0.013
   -0.0128
   -0.0126
   -0.0124
   -0.0122
   -0.0121
    -0.012
   -0.0119
    -0.012
   -0.0121
   -0.0122
   -0.0124
   -0.0126
   -0.0128
    -0.013
   -0.0131
   -0.0131
    -0.013
   -0.0125
   -0.0118
   -0.0108
  -0.00952
  -0.00801
  -0.00637
  -0.00473
  -0.00325
  -0.00204
  -0.00116
 -0.000612
 -0.000332
 -0.000236
  -0.00017
 -4.85e-05
 -9.83e-06
 -1.97e-06
 -3.88e-07
 -7.39e-08
 -1.29e-08
 -1.66e-09
      19.3
      19.3
 -1.68e-09
 -1.31e-08
 -7.46e-08
 -3.92e-07
 -1.99e-06
 -9.91e-06
 -4.89e-05
 -0.000171
 -0.000238
 -0.000336
 -0.000618
  -0.00117
  -0.00205
  -0.00327
  -0.00476
   -0.0064
  -0.00805
  -0.00957
   -0.0109
   -0.0119
   -0.0126
    -0.013
   -0.0132
   -0.0132
   -0.0131
   -0.0129
   -0.0127
   -0.0125
   -0.0123
   -0.0121
    -0.012
    -0.012
    -0.012
   -0.0121
   -0.0123
   -0.0125
   -0.0127
   -0.0129
   -0.0131
   -0.0132
   -0.0132
    -0.013
   -0.0126
   -0.0119
   -0.0109
  -0.00957
  -0.00805
   -0.0064
  -0.00476
  -0.00327
  -0.00205
  -0.00117
 -0.000618
 -0.000336
 -0.000238
 -0.000171
 -4.89e-05
 -9.91e-06
 -1.99e-06
 -3.92e-07
 -7.46e-08
 -1.31e-08
 -1.68e-09
      19.3
      19.3
 -1.71e-09
 -1.33e-08
 -7.55e-08
 -3.96e-07
 -2.01e-06
    -1e-05
 -4.93e-05
 -0.000173
 -0.000241
  -0.00034
 -0.000625
  -0.00118
  -0.00207
   -0.0033
  -0.00479
  -0.00644
   -0.0081
  -0.00963
   -0.0109
    -0.012
   -0.0127
   -0.0131
   -0.0133
   -0.0133
   -0.0132
    -0.013
   -0.0128
   -0.0125
   -0.0124
   -0.0122
   -0.0121
   -0.0121
   -0.0121
   -0.0122
   -0.0124
   -0.0125
   -0.0128
    -0.013
   -0.0132
   -0.0133
   -0.0133
   -0.0131
   -0.0127
    -0.012
   -0.0109
  -0.00963
   -0.0081
  -0.00644
  -0.00479
   -0.0033
  -0.00207
  -0.00118
 -0.000625
  -0.00034
 -0.000241
 -0.000173
 -4.93e-05
    -1e-05
 -2.01e-06
 -3.96e-07
 -7.55e-08
 -1.33e-08
 -1.71e-09
      19.3
      19.3
 -1.74e-09
 -1.35e-08
 -7.66e-08
 -4.01e-07
 -2.03e-06
 -1.01e-05
 -4.99e-05
 -0.000175
 -0.000244
 -0.000345
 -0.000634
  -0.00119
  -0.00209
  -0.00333
  -0.00484
   -0.0065
  -0.00818
  -0.00972
    -0.011
   -0.0121
   -0.0128
   -0.0132
   -0.0134
   -0.0134
   -0.0133
   -0.0131
   -0.0129
   -0.0127
   -0.0125
   -0.0123
   -0.0123
   -0.0122
   -0.0123
   -0.0123
   -0.0125
   -0.0127
   -0.0129
   -0.0131
   -0.0133
   -0.0134
   -0.0134
   -0.0132
   -0.0128
   -0.0121
    -0.011
  -0.00972
  -0.00818
   -0.0065
  -0.00484
  -0.00333
  -0.00209
  -0.00119
 -0.000634
 -0.000345
 -0.000244
 -0.000175
 -4.99e-05
 -1.01e-05
 -2.03e-06
 -4.01e-07
 -7.66e-08
 -1.35e-08
 -1.74e-09
      19.3
      19.3
 -1.77e-09
 -1.37e-08
 -7.79e-08
 -4.08e-07
 -2.07e-06
 -1.03e-05
 -5.07e-05
 -0.000178
 -0.000248
 -0.000351
 -0.000645
  -0.00121
  -0.00212
  -0.00338
  -0.00491
  -0.00659
  -0.00828
  -0.00985
   -0.0112
   -0.0122
    -0.013
   -0.0134
   -0.0136
   -0.0136
   -0.0135
   -0.0133
   -0.0131
   -0.0129
   -0.0127
   -0.0125
   -0.0124
   -0.0124
   -0.0124
   -0.0125
   -0.0127
   -0.0129
   -0.0131
   -0.0133
   -0.0135
   -0.0136
   -0.0136
   -0.0134
    -0.013
   -0.0122
   -0.0112
  -0.00985
  -0.00828
  -0.00659
  -0.00491
  -0.00338
  -0.00212
  -0.00121
 -0.000645
 -0.000351
 -0.000248
 -0.000178
 -5.07e-05
 -1.03e-05
 -2.07e-06
 -4.08e-07
 -7.79e-08
 -1.37e-08
 -1.77e-09
      19.3
      19.3
 -1.81e-09
  -1.4e-08
 -7.96e-08
 -4.17e-07
 -2.11e-06
 -1.05e-05
 -5.17e-05
 -0.000181
 -0.000253
 -0.000359
 -0.000659
  -0.00124
  -0.00216
  -0.00344
  -0.00499
   -0.0067
  -0.00843
     -0.01
   -0.0114
   -0.0124
   -0.0132
   -0.0137
   -0.0139
   -0.0139
   -0.0137
   -0.0135
   -0.0133
   -0.0131
   -0.0129
   -0.0128
   -0.0127
   -0.0126
   -0.0127
   -0.0128
   -0.0129
   -0.0131
   -0.0133
   -0.0135
   -0.0137
   -0.0139
   -0.0139
   -0.0137
   -0.0132
   -0.0124
   -0.0114
     -0.01
  -0.00843
   -0.0067
  -0.00499
  -0.00344
  -0.00216
  -0.00124
 -0.000659
 -0.000359
 -0.000253
 -0.000181
 -5.17e-05
 -1.05e-05
 -2.11e-06
 -4.17e-07
 -7.96e-08
  -1.4e-08
 -1.81e-09
      19.3
      19.3
 -1.87e-09
 -1.44e-08
 -8.18e-08
 -4.28e-07
 -2.17e-06
 -1.08e-05
 -5.31e-05
 -0.000186
  -0.00026
 -0.000369
 -0.000677
  -0.00127
  -0.00221
  -0.00352
  -0.00511
  -0.00686
  -0.00863
   -0.0103
   -0.0116
   -0.0127
   -0.0135
    -0.014
   -0.0142
   -0.0142
   -0.0141
   -0.0139
   -0.0137
   -0.0134
   -0.0132
   -0.0131
    -0.013
    -0.013
    -0.013
   -0.0131
   -0.0132
   -0.0134
   -0.0137
   -0.0139
   -0.0141
   -0.0142
   -0.0142
    -0.014
   -0.0135
   -0.0127
   -0.0116
   -0.0103
  -0.00863
  -0.00686
  -0.00511
  -0.00352
  -0.00221
  -0.00127
 -0.000677
 -0.000369
  -0.00026
 -0.000186
 -5.31e-05
 -1.08e-05
 -2.17e-06
 -4.28e-07
 -8.18e-08
 -1.44e-08
 -1.87e-09
      19.3
      19.3
 -1.94e-09
  -1.5e-08
 -8.48e-08
 -4.44e-07
 -2.25e-06
 -1.12e-05
  -5.5e-05
 -0.000193
 -0.000269
 -0.000382
   -0.0007
  -0.00131
  -0.00229
  -0.00364
  -0.00528
  -0.00709
   -0.0089
   -0.0106
    -0.012
   -0.0132
    -0.014
   -0.0144
   -0.0147
   -0.0147
   -0.0146
   -0.0144
   -0.0141
   -0.0139
   -0.0137
   -0.0135
   -0.0134
   -0.0134
   -0.0134
   -0.0135
   -0.0137
   -0.0139
   -0.0141
   -0.0144
   -0.0146
   -0.0147
   -0.0147
   -0.0144
    -0.014
   -0.0132
    -0.012
   -0.0106
   -0.0089
  -0.00709
  -0.00528
  -0.00364
  -0.00229
  -0.00131
   -0.0007
 -0.000382
 -0.000269
 -0.000193
  -5.5e-05
 -1.12e-05
 -2.25e-06
 -4.44e-07
 -8.48e-08
  -1.5e-08
 -1.94e-09
      19.3
      19.3
 -2.03e-09
 -1.57e-08
 -8.88e-08
 -4.65e-07
 -2.35e-06
 -1.17e-05
 -5.76e-05
 -0.000202
 -0.000282
   -0.0004
 -0.000732
  -0.00137
  -0.00239
   -0.0038
  -0.00551
   -0.0074
   -0.0093
   -0.0111
   -0.0126
   -0.0137
   -0.0146
   -0.0151
   -0.0153
   -0.0154
   -0.0152
    -0.015
   -0.0148
   -0.0145
   -0.0143
   -0.0142
   -0.0141
   -0.0141
   -0.0141
   -0.0142
   -0.0143
   -0.0145
   -0.0148
    -0.015
   -0.0152
   -0.0154
   -0.0153
   -0.0151
   -0.0146
   -0.0137
   -0.0126
   -0.0111
   -0.0093
   -0.0074
  -0.00551
   -0.0038
  -0.00239
  -0.00137
 -0.000732
   -0.0004
 -0.000282
 -0.000202
 -5.76e-05
 -1.17e-05
 -2.35e-06
 -4.65e-07
 -8.88e-08
 -1.57e-08
 -2.03e-09
      19.3
      19.3
 -2.15e-09
 -1.67e-08
 -9.44e-08
 -4.94e-07
  -2.5e-06
 -1.25e-05
 -6.14e-05
 -0.000215
   -0.0003
 -0.000425
 -0.000777
  -0.00145
  -0.00254
  -0.00403
  -0.00585
  -0.00785
  -0.00986
   -0.0117
   -0.0133
   -0.0146
   -0.0155
    -0.016
   -0.0163
   -0.0163
   -0.0162
    -0.016
   -0.0157
   -0.0155
   -0.0153
   -0.0151
    -0.015
    -0.015
    -0.015
   -0.0151
   -0.0153
   -0.0155
   -0.0157
    -0.016
   -0.0162
   -0.0163
   -0.0163
    -0.016
   -0.0155
   -0.0146
   -0.0133
   -0.0117
  -0.00986
  -0.00785
  -0.00585
  -0.00403
  -0.00254
  -0.00145
 -0.000777
 -0.000425
   -0.0003
 -0.000215
 -6.14e-05
 -1.25e-05
  -2.5e-06
 -4.94e-07
 -9.44e-08
 -1.67e-08
 -2.15e-09
      19.3
      19.3
 -2.33e-09
 -1.81e-08
 -1.03e-07
 -5.37e-07
 -2.72e-06
 -1.36e-05
 -6.68e-05
 -0.000234
 -0.000326
  -0.00046
 -0.000842
  -0.00157
  -0.00275
  -0.00437
  -0.00634
  -0.00851
   -0.0107
   -0.0127
   -0.0145
   -0.0158
   -0.0168
   -0.0174
   -0.0177
   -0.0177
   -0.0176
   -0.0174
   -0.0171
   -0.0169
   -0.0166
   -0.0165
   -0.0164
   -0.0163
   -0.0164
   -0.0165
   -0.0166
   -0.0169
   -0.0171
   -0.0174
   -0.0176
   -0.0177
   -0.0177
   -0.0174
   -0.0168
   -0.0158
   -0.0145
   -0.0127
   -0.0107
  -0.00851
  -0.00634
  -0.00437
  -0.00275
  -0.00157
 -0.000842
  -0.00046
 -0.000326
 -0.000234
 -6.68e-05
 -1.36e-05
 -2.72e-06
 -5.37e-07
 -1.03e-07
 -1.81e-08
 -2.33e-09
      19.3
      19.3
  -2.6e-09
 -2.02e-08
 -1.15e-07
 -6.03e-07
 -3.06e-06
 -1.52e-05
 -7.51e-05
 -0.000263
 -0.000366
 -0.000514
 -0.000939
  -0.00176
  -0.00307
  -0.00489
   -0.0071
  -0.00953
    -0.012
   -0.0142
   -0.0162
   -0.0177
   -0.0188
   -0.0195
   -0.0198
   -0.0199
   -0.0198
   -0.0196
   -0.0193
    -0.019
   -0.0188
   -0.0186
   -0.0185
   -0.0184
   -0.0185
   -0.0186
   -0.0188
    -0.019
   -0.0193
   -0.0196
   -0.0198
   -0.0199
   -0.0198
   -0.0195
   -0.0188
   -0.0177
   -0.0162
   -0.0142
    -0.012
  -0.00953
   -0.0071
  -0.00489
  -0.00307
  -0.00176
 -0.000939
 -0.000514
 -0.000366
 -0.000263
 -7.51e-05
 -1.52e-05
 -3.06e-06
 -6.03e-07
 -1.15e-07
 -2.02e-08
  -2.6e-09
      19.3
      19.3
 -3.03e-09
 -2.36e-08
 -1.35e-07
 -7.09e-07
 -3.61e-06
  -1.8e-05
 -8.88e-05
 -0.000311
 -0.000432
 -0.000602
   -0.0011
  -0.00206
   -0.0036
  -0.00573
  -0.00833
   -0.0112
   -0.0141
   -0.0167
    -0.019
   -0.0208
   -0.0222
    -0.023
   -0.0234
   -0.0235
   -0.0234
   -0.0231
   -0.0228
   -0.0225
   -0.0222
    -0.022
   -0.0219
   -0.0218
   -0.0219
    -0.022
   -0.0222
   -0.0225
   -0.0228
   -0.0231
   -0.0234
   -0.0235
   -0.0234
    -0.023
   -0.0222
   -0.0208
    -0.019
   -0.0167
   -0.0141
   -0.0112
  -0.00833
  -0.00573
   -0.0036
  -0.00206
   -0.0011
 -0.000602
 -0.000432
 -0.000311
 -8.88e-05
  -1.8e-05
 -3.61e-06
 -7.09e-07
 -1.35e-07
 -2.36e-08
 -3.03e-09
      19.3
      19.3
 -3.82e-09
 -2.99e-08
 -1.71e-07
 -9.03e-07
  -4.6e-06
  -2.3e-05
 -0.000114
 -0.000399
 -0.000551
 -0.000762
  -0.00138
   -0.0026
  -0.00456
  -0.00728
   -0.0106
   -0.0142
   -0.0179
   -0.0213
   -0.0242
   -0.0266
   -0.0282
   -0.0293
   -0.0299
     -0.03
   -0.0299
   -0.0296
   -0.0293
   -0.0289
   -0.0286
   -0.0283
   -0.0282
   -0.0281
   -0.0282
   -0.0283
   -0.0286
   -0.0289
   -0.0293
   -0.0296
   -0.0299
     -0.03
   -0.0299
   -0.0293
   -0.0282
   -0.0266
   -0.0242
   -0.0213
   -0.0179
   -0.0142
   -0.0106
  -0.00728
  -0.00456
   -0.0026
  -0.00138
 -0.000762
 -0.000551
 -0.000399
 -0.000114
  -2.3e-05
  -4.6e-06
 -9.03e-07
 -1.71e-07
 -2.99e-08
 -3.82e-09
      19.3
      19.3
 -5.33e-09
 -4.18e-08
  -2.4e-07
 -1.27e-06
 -6.48e-06
 -3.25e-05
 -0.000161
 -0.000565
    0.0424
    0.0363
    0.0354
    0.0337
     0.031
    0.0272
    0.0226
    0.0175
    0.0124
   0.00764
   0.00355
  0.000288
  -0.00209
  -0.00364
  -0.00448
  -0.00477
  -0.00467
  -0.00433
  -0.00388
  -0.00342
  -0.00301
  -0.00269
   -0.0025
  -0.00243
   -0.0025
  -0.00269
  -0.00301
  -0.00342
  -0.00388
  -0.00433
  -0.00467
  -0.00477
  -0.00448
  -0.00364
  -0.00209
  0.000288
   0.00355
   0.00764
    0.0124
    0.0175
    0.0226
    0.0272
     0.031
    0.0337
    0.0354
    0.0363
    0.0424
 -0.000565
 -0.000161
 -3.25e-05
 -6.48e-06
 -1.27e-06
  -2.4e-07
 -4.18e-08
 -5.33e-09
      19.3
      19.3
 -6.55e-09
 -5.13e-08
 -2.95e-07
 -1.56e-06
 -7.98e-06
    -4e-05
 -0.000198
 -0.000697
    0.0422
    0.0361
     0.035
    0.0329
    0.0296
    0.0249
    0.0193
    0.0131
    0.0069
   0.00111
  -0.00389
   -0.0079
   -0.0108
   -0.0128
   -0.0139
   -0.0143
   -0.0142
   -0.0139
   -0.0134
   -0.0129
   -0.0125
   -0.0121
   -0.0119
   -0.0118
   -0.0119
   -0.0121
   -0.0125
   -0.0129
   -0.0134
   -0.0139
   -0.0142
   -0.0143
   -0.0139
   -0.0128
   -0.0108
   -0.0079
  -0.00389
   0.00111
    0.0069
    0.0131
    0.0193
    0.0249
    0.0296
    0.0329
     0.035
    0.0361
    0.0422
 -0.000697
 -0.000198
    -4e-05
 -7.98e-06
 -1.56e-06
 -2.95e-07
 -5.13e-08
 -6.55e-09
      19.3
      19.3
 -7.51e-09
 -5.85e-08
 -3.34e-07
 -1.76e-06
 -8.99e-06
  -4.5e-05
 -0.000223
 -0.000783
    0.0421
    0.0359
    0.0347
    0.0324
    0.0287
    0.0236
    0.0174
    0.0106
    0.0038
  -0.00257
  -0.00809
   -0.0125
   -0.0158
    -0.018
   -0.0193
   -0.0198
   -0.0199
   -0.0195
   -0.0191
   -0.0186
   -0.0181
   -0.0178
   -0.0176
   -0.0175
   -0.0176
   -0.0178
   -0.0181
   -0.0186
   -0.0191
   -0.0195
   -0.0199
   -0.0198
   -0.0193
    -0.018
   -0.0158
   -0.0125
  -0.00809
  -0.00257
    0.0038
    0.0106
    0.0174
    0.0236
    0.0287
    0.0324
    0.0347
    0.0359
    0.0421
 -0.000783
 -0.000223
  -4.5e-05
 -8.99e-06
 -1.76e-06
 -3.34e-07
 -5.85e-08
 -7.51e-09
      19.3
      19.3
 -8.43e-09
 -6.47e-08
 -3.65e-07
 -1.91e-06
 -9.71e-06
 -4.85e-05
 -0.000239
 -0.000839
     0.042
    0.0357
    0.0344
     0.032
    0.0281
    0.0228
    0.0164
   0.00942
   0.00235
  -0.00426
  -0.00999
   -0.0146
   -0.0181
   -0.0205
   -0.0219
   -0.0225
   -0.0226
   -0.0224
    -0.022
   -0.0215
   -0.0211
   -0.0208
   -0.0206
   -0.0205
   -0.0206
   -0.0208
   -0.0211
   -0.0215
    -0.022
   -0.0224
   -0.0226
   -0.0225
   -0.0219
   -0.0205
   -0.0181
   -0.0146
  -0.00999
  -0.00426
   0.00235
   0.00942
    0.0164
    0.0228
    0.0281
     0.032
    0.0344
    0.0357
     0.042
 -0.000839
 -0.000239
 -4.85e-05
 -9.71e-06
 -1.91e-06
 -3.65e-07
 -6.47e-08
 -8.43e-09
      19.3
      19.3
 -9.32e-09
 -7.04e-08
 -3.92e-07
 -2.03e-06
 -1.03e-05
 -5.11e-05
 -0.000252
  -0.00088
    0.0419
    0.0356
    0.0342
    0.0316
    0.0277
    0.0224
     0.016
   0.00897
    0.0019
  -0.00472
   -0.0105
   -0.0152
   -0.0187
   -0.0212
   -0.0227
   -0.0235
   -0.0237
   -0.0235
   -0.0232
   -0.0228
   -0.0224
   -0.0221
   -0.0219
   -0.0218
   -0.0219
   -0.0221
   -0.0224
   -0.0228
   -0.0232
   -0.0235
   -0.0237
   -0.0235
   -0.0227
   -0.0212
   -0.0187
   -0.0152
   -0.0105
  -0.00472
    0.0019
   0.00897
     0.016
    0.0224
    0.0277
    0.0316
    0.0342
    0.0356
    0.0419
  -0.00088
 -0.000252
 -5.11e-05
 -1.03e-05
 -2.03e-06
 -3.92e-07
 -7.04e-08
 -9.32e-09
      19.3
         0
 -9.96e-09
 -7.47e-08
 -4.13e-07
 -2.13e-06
 -1.07e-05
 -5.31e-05
 -0.000261
 -0.000911
    0.0418
    0.0354
    0.0339
    0.0313
    0.0274
    0.0221
    0.0158
   0.00896
   0.00202
   -0.0045
   -0.0102
   -0.0149
   -0.0185
    -0.021
   -0.0225
   -0.0234
   -0.0237
   -0.0236
   -0.0234
    -0.023
   -0.0227
   -0.0224
   -0.0223
   -0.0222
   -0.0223
   -0.0224
   -0.0227
    -0.023
   -0.0234
   -0.0236
   -0.0237
   -0.0234
   -0.0225
    -0.021
   -0.0185
   -0.0149
   -0.0102
   -0.0045
   0.00202
   0.00896
    0.0158
    0.0221
    0.0274
    0.0313
    0.0339
    0.0354
    0.0418
 -0.000911
 -0.000261
 -5.31e-05
 -1.07e-05
 -2.13e-06
 -4.13e-07
 -7.47e-08
 -9.96e-09
         0
         0
 -1.06e-08
 -7.88e-08
 -4.32e-07
 -2.21e-06
 -1.11e-05
 -5.48e-05
 -0.000269
 -0.000935
    0.0418
    0.0353
    0.0337
     0.031
    0.0271
     0.022
    0.0158
   0.00915
    0.0024
  -0.00395
  -0.00954
   -0.0142
   -0.0177
   -0.0202
   -0.0219
   -0.0228
   -0.0232
   -0.0232
    -0.023
   -0.0228
   -0.0225
   -0.0223
   -0.0221
   -0.0221
   -0.0221
   -0.0223
   -0.0225
   -0.0228
    -0.023
   -0.0232
   -0.0232
   -0.0228
   -0.0219
   -0.0202
   -0.0177
   -0.0142
  -0.00954
  -0.00395
    0.0024
   0.00915
    0.0158
     0.022
    0.0271
     0.031
    0.0337
    0.0353
    0.0418
 -0.000935
 -0.000269
 -5.48e-05
 -1.11e-05
 -2.21e-06
 -4.32e-07
 -7.88e-08
 -1.06e-08
         0
         0
 -1.12e-08
 -8.24e-08
 -4.48e-07
 -2.28e-06
 -1.14e-05
 -5.61e-05
 -0.000275
 -0.000954
    0.0417
    0.0351
    0.0335
    0.0308
    0.0269
    0.0219
    0.0159
   0.00943
   0.00288
  -0.00329
  -0.00875
   -0.0133
   -0.0168
   -0.0194
    -0.021
    -0.022
   -0.0225
   -0.0226
   -0.0225
   -0.0223
   -0.0221
   -0.0219
   -0.0218
   -0.0217
   -0.0218
   -0.0219
   -0.0221
   -0.0223
   -0.0225
   -0.0226
   -0.0225
    -0.022
    -0.021
   -0.0194
   -0.0168
   -0.0133
  -0.00875
  -0.00329
   0.00288
   0.00943
    0.0159
    0.0219
    0.0269
    0.0308
    0.0335
    0.0351
    0.0417
 -0.000954
 -0.000275
 -5.61e-05
 -1.14e-05
 -2.28e-06
 -4.48e-07
 -8.24e-08
 -1.12e-08
         0
         0
 -1.17e-08
 -8.54e-08
 -4.61e-07
 -2.34e-06
 -1.16e-05
 -5.72e-05
 -0.000279
 -0.000968
    0.0417
     0.035
    0.0333
    0.0306
    0.0267
    0.0218
     0.016
   0.00971
   0.00336
  -0.00264
  -0.00798
   -0.0124
   -0.0159
   -0.0185
   -0.0202
   -0.0213
   -0.0218
    -0.022
   -0.0219
   -0.0218
   -0.0216
   -0.0214
   -0.0213
   -0.0213
   -0.0213
   -0.0214
   -0.0216
   -0.0218
   -0.0219
    -0.022
   -0.0218
   -0.0213
   -0.0202
   -0.0185
   -0.0159
   -0.0124
  -0.00798
  -0.00264
   0.00336
   0.00971
     0.016
    0.0218
    0.0267
    0.0306
    0.0333
     0.035
    0.0417
 -0.000968
 -0.000279
 -5.72e-05
 -1.16e-05
 -2.34e-06
 -4.61e-07
 -8.54e-08
 -1.17e-08
         0
         0
 -1.21e-08
 -8.78e-08
 -4.72e-07
 -2.39e-06
 -1.18e-05
  -5.8e-05
 -0.000283
 -0.000979
    0.0416
     0.035
    0.0331
    0.0304
    0.0266
    0.0218
    0.0161
   0.00997
   0.00378
  -0.00207
  -0.00729
   -0.0117
   -0.0151
   -0.0177
   -0.0194
   -0.0205
   -0.0211
   -0.0214
   -0.0214
   -0.0213
   -0.0211
    -0.021
   -0.0209
   -0.0209
   -0.0209
    -0.021
   -0.0211
   -0.0213
   -0.0214
   -0.0214
   -0.0211
   -0.0205
   -0.0194
   -0.0177
   -0.0151
   -0.0117
  -0.00729
  -0.00207
   0.00378
   0.00997
    0.0161
    0.0218
    0.0266
    0.0304
    0.0331
     0.035
    0.0416
 -0.000979
 -0.000283
  -5.8e-05
 -1.18e-05
 -2.39e-06
 -4.72e-07
 -8.78e-08
 -1.21e-08
         0
         0
 -1.24e-08
 -8.97e-08
 -4.81e-07
 -2.42e-06
  -1.2e-05
 -5.86e-05
 -0.000285
 -0.000987
    0.0416
    0.0349
     0.033
    0.0303
    0.0265
    0.0217
    0.0162
    0.0102
   0.00415
  -0.00159
  -0.00671
    -0.011
   -0.0145
    -0.017
   -0.0188
   -0.0199
   -0.0206
   -0.0208
   -0.0209
   -0.0208
   -0.0207
   -0.0206
   -0.0205
   -0.0205
   -0.0205
   -0.0206
   -0.0207
   -0.0208
   -0.0209
   -0.0208
   -0.0206
   -0.0199
   -0.0188
    -0.017
   -0.0145
    -0.011
  -0.00671
  -0.00159
   0.00415
    0.0102
    0.0162
    0.0217
    0.0265
    0.0303
     0.033
    0.0349
    0.0416
 -0.000987
 -0.000285
 -5.86e-05
  -1.2e-05
 -2.42e-06
 -4.81e-07
 -8.97e-08
 -1.24e-08
         0
         0
 -1.26e-08
 -9.12e-08
 -4.87e-07
 -2.45e-06
 -1.21e-05
 -5.91e-05
 -0.000287
 -0.000993
    0.0416
    0.0348
     0.033
    0.0302
    0.0264
    0.0217
    0.0163
    0.0104
   0.00444
   -0.0012
  -0.00624
   -0.0105
   -0.0139
   -0.0165
   -0.0183
   -0.0194
   -0.0201
   -0.0204
   -0.0205
   -0.0205
   -0.0204
   -0.0203
   -0.0202
   -0.0202
   -0.0202
   -0.0203
   -0.0204
   -0.0205
   -0.0205
   -0.0204
   -0.0201
   -0.0194
   -0.0183
   -0.0165
   -0.0139
   -0.0105
  -0.00624
   -0.0012
   0.00444
    0.0104
    0.0163
    0.0217
    0.0264
    0.0302
     0.033
    0.0348
    0.0416
 -0.000993
 -0.000287
 -5.91e-05
 -1.21e-05
 -2.45e-06
 -4.87e-07
 -9.12e-08
 -1.26e-08
         0
         0
 -1.28e-08
 -9.23e-08
 -4.92e-07
 -2.47e-06
 -1.22e-05
 -5.95e-05
 -0.000289
 -0.000998
    0.0416
    0.0348
    0.0329
    0.0301
    0.0264
    0.0217
    0.0163
    0.0105
   0.00468
 -0.000883
  -0.00587
   -0.0101
   -0.0135
    -0.016
   -0.0178
    -0.019
   -0.0197
     -0.02
   -0.0202
   -0.0202
   -0.0201
     -0.02
   -0.0199
   -0.0199
   -0.0199
     -0.02
   -0.0201
   -0.0202
   -0.0202
     -0.02
   -0.0197
    -0.019
   -0.0178
    -0.016
   -0.0135
   -0.0101
  -0.00587
 -0.000883
   0.00468
    0.0105
    0.0163
    0.0217
    0.0264
    0.0301
    0.0329
    0.0348
    0.0416
 -0.000998
 -0.000289
 -5.95e-05
 -1.22e-05
 -2.47e-06
 -4.92e-07
 -9.23e-08
 -1.28e-08
         0
         0
 -1.29e-08
 -9.31e-08
 -4.96e-07
 -2.48e-06
 -1.22e-05
 -5.97e-05
  -0.00029
    -0.001
    0.0416
    0.0348
    0.0329
    0.0301
    0.0263
    0.0217
    0.0164
    0.0106
   0.00486
  -0.00064
  -0.00558
  -0.00977
   -0.0131
   -0.0157
   -0.0175
   -0.0187
   -0.0194
   -0.0198
   -0.0199
   -0.0199
   -0.0198
   -0.0198
   -0.0197
   -0.0197
   -0.0197
   -0.0198
   -0.0198
   -0.0199
   -0.0199
   -0.0198
   -0.0194
   -0.0187
   -0.0175
   -0.0157
   -0.0131
  -0.00977
  -0.00558
  -0.00064
   0.00486
    0.0106
    0.0164
    0.0217
    0.0263
    0.0301
    0.0329
    0.0348
    0.0416
    -0.001
  -0.00029
 -5.97e-05
 -1.22e-05
 -2.48e-06
 -4.96e-07
 -9.31e-08
 -1.29e-08
         0
         0
  -1.3e-08
 -9.36e-08
 -4.98e-07
 -2.49e-06
 -1.23e-05
 -5.98e-05
  -0.00029
    -0.001
    0.0416
    0.0348
    0.0328
      0.03
    0.0263
    0.0217
    0.0164
    0.0107
     0.005
 -0.000458
  -0.00536
  -0.00953
   -0.0129
   -0.0154
   -0.0172
   -0.0185
   -0.0192
   -0.0195
   -0.0197
   -0.0197
   -0.0197
   -0.0196
   -0.0195
   -0.0195
   -0.0195
   -0.0196
   -0.0197
   -0.0197
   -0.0197
   -0.0195
   -0.0192
   -0.0185
   -0.0172
   -0.0154
   -0.0129
  -0.00953
  -0.00536
 -0.000458
     0.005
    0.0107
    0.0164
    0.0217
    0.0263
      0.03
    0.0328
    0.0348
    0.0416
    -0.001
  -0.00029
 -5.98e-05
 -1.23e-05
 -2.49e-06
 -4.98e-07
 -9.36e-08
  -1.3e-08
         0
         0
  -1.3e-08
 -9.39e-08
 -4.99e-07
  -2.5e-06
 -1.23e-05
 -5.99e-05
  -0.00029
    -0.001
    0.0416
    0.0348
    0.0328
      0.03
    0.0263
    0.0217
    0.0165
    0.0108
    0.0051
 -0.000329
  -0.00521
  -0.00936
   -0.0127
   -0.0152
   -0.0171
   -0.0183
    -0.019
   -0.0194
   -0.0195
   -0.0195
   -0.0195
   -0.0194
   -0.0194
   -0.0194
   -0.0194
   -0.0194
   -0.0195
   -0.0195
   -0.0195
   -0.0194
    -0.019
   -0.0183
   -0.0171
   -0.0152
   -0.0127
  -0.00936
  -0.00521
 -0.000329
    0.0051
    0.0108
    0.0165
    0.0217
    0.0263
      0.03
    0.0328
    0.0348
    0.0416
    -0.001
  -0.00029
 -5.99e-05
 -1.23e-05
  -2.5e-06
 -4.99e-07
 -9.39e-08
  -1.3e-08
         0
         0
  -1.3e-08
 -9.39e-08
 -4.99e-07
  -2.5e-06
 -1.23e-05
 -5.98e-05
  -0.00029
    -0.001
    0.0416
    0.0347
    0.0328
      0.03
    0.0263
    0.0217
    0.0165
    0.0109
   0.00516
 -0.000246
  -0.00511
  -0.00925
   -0.0126
   -0.0151
   -0.0169
   -0.0181
   -0.0188
   -0.0192
   -0.0194
   -0.0194
   -0.0193
   -0.0192
   -0.0192
   -0.0192
   -0.0192
   -0.0192
   -0.0193
   -0.0194
   -0.0194
   -0.0192
   -0.0188
   -0.0181
   -0.0169
   -0.0151
   -0.0126
  -0.00925
  -0.00511
 -0.000246
   0.00516
    0.0109
    0.0165
    0.0217
    0.0263
      0.03
    0.0328
    0.0347
    0.0416
    -0.001
  -0.00029
 -5.98e-05
 -1.23e-05
  -2.5e-06
 -4.99e-07
 -9.39e-08
  -1.3e-08
         0
         0
  -1.3e-08
 -9.37e-08
 -4.97e-07
 -2.49e-06
 -1.22e-05
 -5.96e-05
 -0.000289
 -0.000997
    0.0416
    0.0348
    0.0328
      0.03
    0.0263
    0.0218
    0.0165
    0.0109
    0.0052
 -0.000212
  -0.00507
  -0.00921
   -0.0125
   -0.0151
   -0.0169
    -0.018
   -0.0187
   -0.0191
   -0.0192
   -0.0192
   -0.0191
    -0.019
    -0.019
    -0.019
    -0.019
    -0.019
   -0.0191
   -0.0192
   -0.0192
   -0.0191
   -0.0187
    -0.018
   -0.0169
   -0.0151
   -0.0125
  -0.00921
  -0.00507
 -0.000212
    0.0052
    0.0109
    0.0165
    0.0218
    0.0263
      0.03
    0.0328
    0.0348
    0.0416
 -0.000997
 -0.000289
 -5.96e-05
 -1.22e-05
 -2.49e-06
 -4.97e-07
 -9.37e-08
  -1.3e-08
         0
         0
 -1.29e-08
  -9.3e-08
 -4.94e-07
 -2.47e-06
 -1.21e-05
 -5.92e-05
 -0.000287
 -0.000991
    0.0416
    0.0348
    0.0328
    0.0301
    0.0264
    0.0218
    0.0165
    0.0109
   0.00518
 -0.000239
  -0.00511
  -0.00924
   -0.0126
   -0.0151
   -0.0168
    -0.018
   -0.0186
   -0.0189
    -0.019
   -0.0189
   -0.0188
   -0.0187
   -0.0187
   -0.0186
   -0.0187
   -0.0187
   -0.0188
   -0.0189
    -0.019
   -0.0189
   -0.0186
    -0.018
   -0.0168
   -0.0151
   -0.0126
  -0.00924
  -0.00511
 -0.000239
   0.00518
    0.0109
    0.0165
    0.0218
    0.0264
    0.0301
    0.0328
    0.0348
    0.0416
 -0.000991
 -0.000287
 -5.92e-05
 -1.21e-05
 -2.47e-06
 -4.94e-07
  -9.3e-08
 -1.29e-08
         0
         0
 -1.27e-08
 -9.18e-08
 -4.87e-07
 -2.44e-06
  -1.2e-05
 -5.85e-05
 -0.000284
 -0.000979
    0.0416
    0.0348
    0.0329
    0.0301
    0.0264
    0.0218
    0.0165
    0.0109
   0.00511
 -0.000356
  -0.00525
  -0.00939
   -0.0127
   -0.0152
   -0.0169
   -0.0179
   -0.0185
   -0.0187
   -0.0187
   -0.0186
   -0.0184
   -0.0183
   -0.0182
   -0.0181
   -0.0182
   -0.0183
   -0.0184
   -0.0186
   -0.0187
   -0.0187
   -0.0185
   -0.0179
   -0.0169
   -0.0152
   -0.0127
  -0.00939
  -0.00525
 -0.000356
   0.00511
    0.0109
    0.0165
    0.0218
    0.0264
    0.0301
    0.0329
    0.0348
    0.0416
 -0.000979
 -0.000284
 -5.85e-05
  -1.2e-05
 -2.44e-06
 -4.87e-07
 -9.18e-08
 -1.27e-08
         0
      10.3
      10.3
      10.3
      10.3
      10.2
      10.2
      10.2
      10.2
      10.2
      10.2
      10.1
      9.92
      9.69
      9.43
      9.14
      8.83
      8.54
      8.25
      7.98
      7.73
       7.5
       7.3
      7.11
      6.95
      6.81
      6.69
      6.58
      6.49
      6.41
      6.36
      6.32
      6.29
      6.28
      6.29
      6.32
      6.36
      6.41
      6.49
      6.58
      6.69
      6.81
      6.95
      7.11
       7.3
       7.5
      7.73
      7.98
      8.25
      8.54
      8.83
      9.14
      9.43
      9.69
      9.92
      10.1
      10.2
      10.2
      10.2
      10.2
      10.2
      10.2
      10.3
      10.3
      10.3
      10.3
