      6.43
      6.43
      6.42
      6.42
       6.4
      6.39
      6.37
      6.35
      6.32
      6.31
      6.22
      6.06
      5.83
      5.57
      5.27
      4.97
      4.67
      4.38
      4.11
      3.86
      3.63
      3.43
      3.25
      3.08
      2.94
      2.82
      2.71
      2.62
      2.55
      2.49
      2.45
      2.42
      2.41
      2.42
      2.45
      2.49
      2.55
      2.62
      2.71
      2.82
      2.94
      3.08
      3.25
      3.43
      3.63
      3.86
      4.11
      4.38
      4.67
      4.97
      5.27
      5.57
      5.83
      6.06
      6.22
      6.31
      6.32
      6.35
      6.37
      6.39
       6.4
      6.42
      6.42
      6.43
      6.43
      6.42
      6.42
      6.42
      6.41
       6.4
      6.38
      6.36
      6.34
      6.32
      6.31
      6.21
      6.04
      5.81
      5.54
      5.24
      4.93
      4.62
      4.33
      4.06
      3.81
      3.59
       3.4
      3.23
      3.08
      2.96
      2.85
      2.77
       2.7
      2.64
       2.6
      2.57
      2.55
      2.54
      2.55
      2.57
       2.6
      2.64
       2.7
      2.77
      2.85
      2.96
      3.08
      3.23
       3.4
      3.59
      3.81
      4.06
      4.33
      4.62
      4.93
      5.24
      5.54
      5.81
      6.04
      6.21
      6.31
      6.32
      6.34
      6.36
      6.38
       6.4
      6.41
      6.42
      6.42
      6.42
      6.47
      6.47
      6.46
      6.45
      6.44
      6.42
      6.39
      6.37
      6.34
      6.32
      6.23
      6.05
      5.82
      5.54
      5.24
      4.92
      4.62
      4.32
      4.05
       3.8
      3.58
      3.39
      3.23
      3.09
      2.97
      2.87
      2.79
      2.73
      2.68
      2.64
      2.61
       2.6
      2.59
       2.6
      2.61
      2.64
      2.68
      2.73
      2.79
      2.87
      2.97
      3.09
      3.23
      3.39
      3.58
       3.8
      4.05
      4.32
      4.62
      4.92
      5.24
      5.54
      5.82
      6.05
      6.23
      6.32
      6.34
      6.37
      6.39
      6.42
      6.44
      6.45
      6.46
      6.47
      6.47
      6.59
      6.59
      6.58
      6.57
      6.54
      6.51
      6.48
      6.44
      6.39
      6.37
      6.27
      6.09
      5.85
      5.57
      5.26
      4.94
      4.62
      4.33
      4.05
       3.8
      3.58
      3.39
      3.23
      3.09
      2.98
      2.88
       2.8
      2.74
      2.69
      2.66
      2.63
      2.62
      2.61
      2.62
      2.63
      2.66
      2.69
      2.74
       2.8
      2.88
      2.98
      3.09
      3.23
      3.39
      3.58
       3.8
      4.05
      4.33
      4.62
      4.94
      5.26
      5.57
      5.85
      6.09
      6.27
      6.37
      6.39
      6.44
      6.48
      6.51
      6.54
      6.57
      6.58
      6.59
      6.59
      6.81
      6.81
       6.8
      6.77
      6.74
      6.69
      6.63
      6.57
      6.49
      6.46
      6.35
      6.16
      5.91
      5.61
      5.29
      4.97
      4.64
      4.34
      4.06
      3.81
      3.59
      3.39
      3.23
      3.09
      2.98
      2.88
      2.81
      2.75
       2.7
      2.67
      2.64
      2.63
      2.62
      2.63
      2.64
      2.67
       2.7
      2.75
      2.81
      2.88
      2.98
      3.09
      3.23
      3.39
      3.59
      3.81
      4.06
      4.34
      4.64
      4.97
      5.29
      5.61
      5.91
      6.16
      6.35
      6.46
      6.49
      6.57
      6.63
      6.69
      6.74
      6.77
       6.8
      6.81
      6.81
      7.21
      7.21
      7.18
      7.14
      7.08
      6.99
       6.9
      6.79
      6.67
      6.61
      6.48
      6.27
         6
      5.68
      5.35
      5.01
      4.67
      4.36
      4.07
      3.82
      3.59
       3.4
      3.23
      3.09
      2.98
      2.88
      2.81
      2.75
       2.7
      2.67
      2.64
      2.63
      2.63
      2.63
      2.64
      2.67
       2.7
      2.75
      2.81
      2.88
      2.98
      3.09
      3.23
       3.4
      3.59
      3.82
      4.07
      4.36
      4.67
      5.01
      5.35
      5.68
         6
      6.27
      6.48
      6.61
      6.67
      6.79
       6.9
      6.99
      7.08
      7.14
      7.18
      7.21
      7.21
      7.89
      7.89
      7.85
      7.77
      7.66
      7.51
      7.34
      7.14
      6.94
      6.83
      6.67
      6.43
      6.13
      5.79
      5.43
      5.07
      4.71
      4.39
      4.09
      3.82
      3.59
      3.39
      3.23
      3.09
      2.97
      2.88
       2.8
      2.74
       2.7
      2.66
      2.64
      2.63
      2.62
      2.63
      2.64
      2.66
       2.7
      2.74
       2.8
      2.88
      2.97
      3.09
      3.23
      3.39
      3.59
      3.82
      4.09
      4.39
      4.71
      5.07
      5.43
      5.79
      6.13
      6.43
      6.67
      6.83
      6.94
      7.14
      7.34
      7.51
      7.66
      7.77
      7.85
      7.89
      7.89
      9.12
      9.12
      9.04
      8.87
      8.65
      8.37
      8.05
       7.7
      7.34
      7.16
      6.94
      6.65
      6.31
      5.93
      5.53
      5.14
      4.76
      4.42
       4.1
      3.83
      3.59
      3.39
      3.22
      3.08
      2.96
      2.87
      2.79
      2.73
      2.69
      2.66
      2.63
      2.62
      2.61
      2.62
      2.63
      2.66
      2.69
      2.73
      2.79
      2.87
      2.96
      3.08
      3.22
      3.39
      3.59
      3.83
       4.1
      4.42
      4.76
      5.14
      5.53
      5.93
      6.31
      6.65
      6.94
      7.16
      7.34
       7.7
      8.05
      8.37
      8.65
      8.87
      9.04
      9.12
      9.12
      11.5
      11.5
      11.2
      10.8
      10.3
      9.75
      9.14
      8.52
      7.89
      7.58
      7.29
      6.93
      6.52
      6.08
      5.64
      5.22
      4.81
      4.45
      4.12
      3.83
      3.59
      3.38
       3.2
      3.06
      2.95
      2.85
      2.78
      2.72
      2.67
      2.64
      2.62
       2.6
       2.6
       2.6
      2.62
      2.64
      2.67
      2.72
      2.78
      2.85
      2.95
      3.06
       3.2
      3.38
      3.59
      3.83
      4.12
      4.45
      4.81
      5.22
      5.64
      6.08
      6.52
      6.93
      7.29
      7.58
      7.89
      8.52
      9.14
      9.75
      10.3
      10.8
      11.2
      11.5
      11.5
      19.3
      17.2
      15.5
      14.1
      12.8
      11.6
      10.5
      9.47
      8.48
         8
      7.61
      7.18
      6.71
      6.22
      5.74
      5.27
      4.85
      4.46
      4.12
      3.82
      3.57
      3.36
      3.18
      3.04
      2.92
      2.82
      2.75
      2.69
      2.64
      2.61
      2.58
      2.57
      2.56
      2.57
      2.58
      2.61
      2.64
      2.69
      2.75
      2.82
      2.92
      3.04
      3.18
      3.36
      3.57
      3.82
      4.12
      4.46
      4.85
      5.27
      5.74
      6.22
      6.71
      7.18
      7.61
         8
      8.48
      9.47
      10.5
      11.6
      12.8
      14.1
      15.5
      17.2
      19.3
      19.3
      17.8
      16.4
        15
      13.7
      12.4
      11.1
      9.92
      8.75
      8.19
      7.75
      7.27
      6.76
      6.25
      5.75
      5.27
      4.83
      4.43
      4.08
      3.78
      3.52
       3.3
      3.12
      2.97
      2.85
      2.75
      2.67
       2.6
      2.56
      2.52
      2.49
      2.48
      2.47
      2.48
      2.49
      2.52
      2.56
       2.6
      2.67
      2.75
      2.85
      2.97
      3.12
       3.3
      3.52
      3.78
      4.08
      4.43
      4.83
      5.27
      5.75
      6.25
      6.76
      7.27
      7.75
      8.19
      8.75
      9.92
      11.1
      12.4
      13.7
        15
      16.4
      17.8
      19.3
      19.3
      17.9
      16.6
      15.2
      13.8
      12.5
      11.2
      9.91
      8.65
      8.04
      7.59
       7.1
      6.59
      6.07
      5.58
       5.1
      4.67
      4.27
      3.93
      3.62
      3.36
      3.13
      2.94
      2.78
      2.65
      2.54
      2.45
      2.38
      2.32
      2.28
      2.25
      2.23
      2.23
      2.23
      2.25
      2.28
      2.32
      2.38
      2.45
      2.54
      2.65
      2.78
      2.94
      3.13
      3.36
      3.62
      3.93
      4.27
      4.67
       5.1
      5.58
      6.07
      6.59
       7.1
      7.59
      8.04
      8.65
      9.91
      11.2
      12.5
      13.8
      15.2
      16.6
      17.9
      19.3
      19.3
      17.9
      16.5
      15.1
      13.7
      12.3
      10.9
      9.54
      8.14
      7.43
      6.94
      6.44
      5.94
      5.44
      4.96
      4.51
      4.09
      3.71
      3.36
      3.05
      2.79
      2.55
      2.35
      2.17
      2.03
       1.9
       1.8
      1.72
      1.65
       1.6
      1.57
      1.55
      1.54
      1.55
      1.57
       1.6
      1.65
      1.72
       1.8
       1.9
      2.03
      2.17
      2.35
      2.55
      2.79
      3.05
      3.36
      3.71
      4.09
      4.51
      4.96
      5.44
      5.94
      6.44
      6.94
      7.43
      8.14
      9.54
      10.9
      12.3
      13.7
      15.1
      16.5
      17.9
      19.3
      19.3
      17.9
      16.5
        15
      13.6
      12.2
      10.7
      9.28
      7.83
       7.1
       6.6
      6.11
      5.61
      5.13
      4.67
      4.23
      3.82
      3.44
       3.1
       2.8
      2.52
      2.28
      2.07
      1.89
      1.73
       1.6
      1.49
       1.4
      1.32
      1.27
      1.23
       1.2
       1.2
       1.2
      1.23
      1.27
      1.32
       1.4
      1.49
       1.6
      1.73
      1.89
      2.07
      2.28
      2.52
       2.8
       3.1
      3.44
      3.82
      4.23
      4.67
      5.13
      5.61
      6.11
       6.6
       7.1
      7.83
      9.28
      10.7
      12.2
      13.6
        15
      16.5
      17.9
      19.3
      19.3
      17.9
      16.4
        15
      13.5
      12.1
      10.6
      9.13
      7.66
      6.92
      6.42
      5.93
      5.44
      4.97
      4.51
      4.08
      3.68
      3.31
      2.97
      2.66
      2.39
      2.15
      1.93
      1.74
      1.58
      1.44
      1.33
      1.23
      1.15
      1.09
      1.05
      1.02
      1.01
      1.02
      1.05
      1.09
      1.15
      1.23
      1.33
      1.44
      1.58
      1.74
      1.93
      2.15
      2.39
      2.66
      2.97
      3.31
      3.68
      4.08
      4.51
      4.97
      5.44
      5.93
      6.42
      6.92
      7.66
      9.13
      10.6
      12.1
      13.5
        15
      16.4
      17.9
      19.3
      19.3
      17.9
      16.4
      14.9
      13.5
        12
      10.5
      9.04
      7.56
      6.82
      6.32
      5.83
      5.35
      4.88
      4.43
         4
      3.61
      3.24
       2.9
       2.6
      2.32
      2.08
      1.86
      1.67
      1.51
      1.36
      1.24
      1.14
      1.06
         1
     0.956
      0.93
     0.922
      0.93
     0.956
         1
      1.06
      1.14
      1.24
      1.36
      1.51
      1.67
      1.86
      2.08
      2.32
       2.6
       2.9
      3.24
      3.61
         4
      4.43
      4.88
      5.35
      5.83
      6.32
      6.82
      7.56
      9.04
      10.5
        12
      13.5
      14.9
      16.4
      17.9
      19.3
      19.3
      17.9
      16.4
      14.9
      13.4
        12
      10.5
      8.99
      7.51
      6.77
      6.27
      5.78
       5.3
      4.84
      4.39
      3.97
      3.57
      3.21
      2.87
      2.57
      2.29
      2.05
      1.83
      1.64
      1.47
      1.33
      1.21
       1.1
      1.02
     0.959
     0.914
     0.887
     0.879
     0.887
     0.914
     0.959
      1.02
       1.1
      1.21
      1.33
      1.47
      1.64
      1.83
      2.05
      2.29
      2.57
      2.87
      3.21
      3.57
      3.97
      4.39
      4.84
       5.3
      5.78
      6.27
      6.77
      7.51
      8.99
      10.5
        12
      13.4
      14.9
      16.4
      17.9
      19.3
      19.3
      17.9
      16.4
      14.9
      13.4
      11.9
      10.5
      8.97
      7.49
      6.75
      6.25
      5.77
      5.29
      4.82
      4.38
      3.96
      3.56
       3.2
      2.86
      2.56
      2.29
      2.04
      1.82
      1.63
      1.46
      1.32
       1.2
      1.09
      1.01
     0.946
     0.901
     0.874
     0.865
     0.874
     0.901
     0.946
      1.01
      1.09
       1.2
      1.32
      1.46
      1.63
      1.82
      2.04
      2.29
      2.56
      2.86
       3.2
      3.56
      3.96
      4.38
      4.82
      5.29
      5.77
      6.25
      6.75
      7.49
      8.97
      10.5
      11.9
      13.4
      14.9
      16.4
      17.9
      19.3
      19.3
      17.9
      16.4
      14.9
      13.4
      11.9
      10.5
      8.97
      7.49
      6.74
      6.25
      5.76
      5.29
      4.82
      4.38
      3.96
      3.57
       3.2
      2.87
      2.57
      2.29
      2.05
      1.83
      1.64
      1.47
      1.33
       1.2
       1.1
      1.02
     0.951
     0.906
     0.879
      0.87
     0.879
     0.906
     0.951
      1.02
       1.1
       1.2
      1.33
      1.47
      1.64
      1.83
      2.05
      2.29
      2.57
      2.87
       3.2
      3.57
      3.96
      4.38
      4.82
      5.29
      5.76
      6.25
      6.74
      7.49
      8.97
      10.5
      11.9
      13.4
      14.9
      16.4
      17.9
      19.3
      19.3
      17.9
      16.4
      14.9
      13.4
      11.9
      10.5
      8.97
      7.49
      6.75
      6.26
      5.77
       5.3
      4.84
      4.39
      3.97
      3.58
      3.22
      2.89
      2.59
      2.31
      2.07
      1.85
      1.66
      1.49
      1.34
      1.22
      1.12
      1.03
     0.969
     0.923
     0.896
     0.887
     0.896
     0.923
     0.969
      1.03
      1.12
      1.22
      1.34
      1.49
      1.66
      1.85
      2.07
      2.31
      2.59
      2.89
      3.22
      3.58
      3.97
      4.39
      4.84
       5.3
      5.77
      6.26
      6.75
      7.49
      8.97
      10.5
      11.9
      13.4
      14.9
      16.4
      17.9
      19.3
      19.3
      17.9
      16.4
      14.9
      13.4
      11.9
      10.5
      8.99
      7.51
      6.77
      6.28
      5.79
      5.32
      4.86
      4.41
         4
      3.61
      3.25
      2.91
      2.61
      2.34
      2.09
      1.88
      1.68
      1.51
      1.37
      1.25
      1.14
      1.06
     0.995
      0.95
     0.922
     0.913
     0.922
      0.95
     0.995
      1.06
      1.14
      1.25
      1.37
      1.51
      1.68
      1.88
      2.09
      2.34
      2.61
      2.91
      3.25
      3.61
         4
      4.41
      4.86
      5.32
      5.79
      6.28
      6.77
      7.51
      8.99
      10.5
      11.9
      13.4
      14.9
      16.4
      17.9
      19.3
      19.3
      17.9
      16.4
      14.9
      13.4
        12
      10.5
      9.01
      7.53
      6.79
       6.3
      5.82
      5.34
      4.88
      4.44
      4.03
      3.64
      3.28
      2.94
      2.64
      2.37
      2.13
      1.91
      1.72
      1.55
       1.4
      1.28
      1.18
      1.09
      1.03
     0.984
     0.957
     0.948
     0.957
     0.984
      1.03
      1.09
      1.18
      1.28
       1.4
      1.55
      1.72
      1.91
      2.13
      2.37
      2.64
      2.94
      3.28
      3.64
      4.03
      4.44
      4.88
      5.34
      5.82
       6.3
      6.79
      7.53
      9.01
      10.5
        12
      13.4
      14.9
      16.4
      17.9
      19.3
      19.3
      17.9
      16.4
      14.9
      13.5
        12
      10.5
      9.03
      7.56
      6.82
      6.33
      5.85
      5.38
      4.92
      4.48
      4.06
      3.67
      3.31
      2.98
      2.68
      2.41
      2.17
      1.95
      1.76
      1.59
      1.44
      1.32
      1.22
      1.13
      1.07
      1.03
     0.998
     0.989
     0.998
      1.03
      1.07
      1.13
      1.22
      1.32
      1.44
      1.59
      1.76
      1.95
      2.17
      2.41
      2.68
      2.98
      3.31
      3.67
      4.06
      4.48
      4.92
      5.38
      5.85
      6.33
      6.82
      7.56
      9.03
      10.5
        12
      13.5
      14.9
      16.4
      17.9
      19.3
      19.3
      17.9
      16.4
      14.9
      13.5
        12
      10.5
      9.06
      7.59
      6.86
      6.37
      5.89
      5.42
      4.96
      4.52
      4.11
      3.72
      3.36
      3.03
      2.73
      2.46
      2.21
         2
       1.8
      1.64
      1.49
      1.37
      1.27
      1.18
      1.12
      1.07
      1.05
      1.04
      1.05
      1.07
      1.12
      1.18
      1.27
      1.37
      1.49
      1.64
       1.8
         2
      2.21
      2.46
      2.73
      3.03
      3.36
      3.72
      4.11
      4.52
      4.96
      5.42
      5.89
      6.37
      6.86
      7.59
      9.06
      10.5
        12
      13.5
      14.9
      16.4
      17.9
      19.3
      19.3
      17.9
      16.4
        15
      13.5
        12
      10.6
       9.1
      7.64
       6.9
      6.42
      5.94
      5.47
      5.01
      4.57
      4.16
      3.77
      3.41
      3.08
      2.78
      2.51
      2.27
      2.05
      1.86
      1.69
      1.55
      1.43
      1.32
      1.24
      1.18
      1.13
      1.11
       1.1
      1.11
      1.13
      1.18
      1.24
      1.32
      1.43
      1.55
      1.69
      1.86
      2.05
      2.27
      2.51
      2.78
      3.08
      3.41
      3.77
      4.16
      4.57
      5.01
      5.47
      5.94
      6.42
       6.9
      7.64
       9.1
      10.6
        12
      13.5
        15
      16.4
      17.9
      19.3
      19.3
      17.9
      16.4
        15
      13.5
      12.1
      10.6
      9.15
      7.69
      6.96
      6.47
      5.99
      5.52
      5.07
      4.63
      4.22
      3.83
      3.47
      3.15
      2.85
      2.58
      2.33
      2.12
      1.93
      1.76
      1.62
      1.49
      1.39
      1.31
      1.25
       1.2
      1.17
      1.17
      1.17
       1.2
      1.25
      1.31
      1.39
      1.49
      1.62
      1.76
      1.93
      2.12
      2.33
      2.58
      2.85
      3.15
      3.47
      3.83
      4.22
      4.63
      5.07
      5.52
      5.99
      6.47
      6.96
      7.69
      9.15
      10.6
      12.1
      13.5
        15
      16.4
      17.9
      19.3
      19.3
      17.9
      16.4
        15
      13.6
      12.1
      10.7
       9.2
      7.75
      7.02
      6.54
      6.06
      5.59
      5.14
       4.7
      4.29
      3.91
      3.55
      3.22
      2.92
      2.65
      2.41
       2.2
      2.01
      1.84
       1.7
      1.58
      1.47
      1.39
      1.33
      1.28
      1.26
      1.25
      1.26
      1.28
      1.33
      1.39
      1.47
      1.58
       1.7
      1.84
      2.01
       2.2
      2.41
      2.65
      2.92
      3.22
      3.55
      3.91
      4.29
       4.7
      5.14
      5.59
      6.06
      6.54
      7.02
      7.75
       9.2
      10.7
      12.1
      13.6
        15
      16.4
      17.9
      19.3
      19.3
      17.9
      16.5
        15
      13.6
      12.2
      10.7
      9.27
      7.83
      7.11
      6.63
      6.15
      5.68
      5.23
      4.79
      4.38
         4
      3.64
      3.31
      3.01
      2.75
       2.5
      2.29
       2.1
      1.94
      1.79
      1.67
      1.57
      1.49
      1.43
      1.38
      1.36
      1.35
      1.36
      1.38
      1.43
      1.49
      1.57
      1.67
      1.79
      1.94
       2.1
      2.29
       2.5
      2.75
      3.01
      3.31
      3.64
         4
      4.38
      4.79
      5.23
      5.68
      6.15
      6.63
      7.11
      7.83
      9.27
      10.7
      12.2
      13.6
        15
      16.5
      17.9
      19.3
      19.3
      17.9
      16.5
      15.1
      13.6
      12.2
      10.8
      9.36
      7.93
      7.21
      6.74
      6.26
       5.8
      5.34
      4.91
       4.5
      4.11
      3.75
      3.43
      3.13
      2.86
      2.62
      2.41
      2.22
      2.06
      1.92
       1.8
       1.7
      1.62
      1.55
      1.51
      1.48
      1.48
      1.48
      1.51
      1.55
      1.62
       1.7
       1.8
      1.92
      2.06
      2.22
      2.41
      2.62
      2.86
      3.13
      3.43
      3.75
      4.11
       4.5
      4.91
      5.34
       5.8
      6.26
      6.74
      7.21
      7.93
      9.36
      10.8
      12.2
      13.6
      15.1
      16.5
      17.9
      19.3
      19.3
      17.9
      16.5
      15.1
      13.7
      12.3
      10.9
      9.49
      8.07
      7.36
      6.88
      6.41
      5.94
      5.49
      5.06
      4.64
      4.26
       3.9
      3.57
      3.27
      3.01
      2.77
      2.56
      2.37
      2.21
      2.07
      1.95
      1.86
      1.78
      1.72
      1.67
      1.65
      1.64
      1.65
      1.67
      1.72
      1.78
      1.86
      1.95
      2.07
      2.21
      2.37
      2.56
      2.77
      3.01
      3.27
      3.57
       3.9
      4.26
      4.64
      5.06
      5.49
      5.94
      6.41
      6.88
      7.36
      8.07
      9.49
      10.9
      12.3
      13.7
      15.1
      16.5
      17.9
      19.3
      19.3
        18
      16.6
      15.2
      13.8
      12.4
      11.1
      9.67
      8.27
      7.57
      7.09
      6.62
      6.15
       5.7
      5.26
      4.84
      4.45
       4.1
      3.77
      3.47
       3.2
      2.97
      2.76
      2.58
      2.42
      2.28
      2.17
      2.07
         2
      1.94
       1.9
      1.87
      1.86
      1.87
       1.9
      1.94
         2
      2.07
      2.17
      2.28
      2.42
      2.58
      2.76
      2.97
       3.2
      3.47
      3.77
       4.1
      4.45
      4.84
      5.26
       5.7
      6.15
      6.62
      7.09
      7.57
      8.27
      9.67
      11.1
      12.4
      13.8
      15.2
      16.6
        18
      19.3
      19.3
        18
      16.7
      15.3
        14
      12.6
      11.3
      9.92
      8.56
      7.87
       7.4
      6.93
      6.46
         6
      5.55
      5.13
      4.74
      4.37
      4.04
      3.74
      3.48
      3.25
      3.04
      2.86
      2.71
      2.58
      2.47
      2.38
      2.31
      2.26
      2.22
       2.2
      2.19
       2.2
      2.22
      2.26
      2.31
      2.38
      2.47
      2.58
      2.71
      2.86
      3.04
      3.25
      3.48
      3.74
      4.04
      4.37
      4.74
      5.13
      5.55
         6
      6.46
      6.93
       7.4
      7.87
      8.56
      9.92
      11.3
      12.6
        14
      15.3
      16.7
        18
      19.3
      19.3
        18
      16.8
      15.5
      14.2
      12.9
      11.6
      10.3
      8.99
      8.34
      7.88
      7.41
      6.93
      6.46
         6
      5.57
      5.16
      4.79
      4.46
      4.16
       3.9
      3.67
      3.47
      3.31
      3.16
      3.04
      2.94
      2.86
       2.8
      2.75
      2.71
      2.69
      2.69
      2.69
      2.71
      2.75
       2.8
      2.86
      2.94
      3.04
      3.16
      3.31
      3.47
      3.67
       3.9
      4.16
      4.46
      4.79
      5.16
      5.57
         6
      6.46
      6.93
      7.41
      7.88
      8.34
      8.99
      10.3
      11.6
      12.9
      14.2
      15.5
      16.8
        18
      19.3
      19.3
      18.1
      16.8
      15.6
      14.4
      13.2
        12
      10.8
      9.66
      9.11
      8.69
      8.23
      7.75
      7.27
      6.79
      6.34
      5.92
      5.54
       5.2
       4.9
      4.64
      4.42
      4.24
      4.08
      3.95
      3.84
      3.75
      3.68
      3.63
      3.59
      3.56
      3.54
      3.54
      3.54
      3.56
      3.59
      3.63
      3.68
      3.75
      3.84
      3.95
      4.08
      4.24
      4.42
      4.64
       4.9
       5.2
      5.54
      5.92
      6.34
      6.79
      7.27
      7.75
      8.23
      8.69
      9.11
      9.66
      10.8
        12
      13.2
      14.4
      15.6
      16.8
      18.1
      19.3
      19.3
        18
      16.7
      15.5
      14.3
      13.2
      12.1
        11
      9.94
      9.44
      9.04
       8.6
      8.12
      7.63
      7.15
      6.69
      6.27
      5.88
      5.54
      5.25
      4.99
      4.78
       4.6
      4.45
      4.33
      4.23
      4.16
      4.09
      4.04
      4.01
      3.98
      3.97
      3.97
      3.97
      3.98
      4.01
      4.04
      4.09
      4.16
      4.23
      4.33
      4.45
       4.6
      4.78
      4.99
      5.25
      5.54
      5.88
      6.27
      6.69
      7.15
      7.63
      8.12
       8.6
      9.04
      9.44
      9.94
        11
      12.1
      13.2
      14.3
      15.5
      16.7
        18
      19.3
      19.3
      17.5
      16.1
      14.8
      13.7
      12.6
      11.7
      10.8
       9.9
      9.48
      9.13
      8.72
      8.28
      7.81
      7.35
      6.91
      6.49
      6.11
      5.78
      5.49
      5.24
      5.03
      4.86
      4.72
       4.6
      4.51
      4.43
      4.37
      4.33
      4.29
      4.27
      4.26
      4.25
      4.26
      4.27
      4.29
      4.33
      4.37
      4.43
      4.51
       4.6
      4.72
      4.86
      5.03
      5.24
      5.49
      5.78
      6.11
      6.49
      6.91
      7.35
      7.81
      8.28
      8.72
      9.13
      9.48
       9.9
      10.8
      11.7
      12.6
      13.7
      14.8
      16.1
      17.5
      19.3
      12.8
      12.8
      12.5
      12.2
      11.7
      11.2
      10.7
      10.2
       9.6
      9.32
      9.05
      8.72
      8.33
      7.91
      7.49
      7.07
      6.68
      6.32
         6
      5.72
      5.48
      5.27
       5.1
      4.96
      4.84
      4.75
      4.68
      4.62
      4.57
      4.54
      4.52
      4.51
       4.5
      4.51
      4.52
      4.54
      4.57
      4.62
      4.68
      4.75
      4.84
      4.96
       5.1
      5.27
      5.48
      5.72
         6
      6.32
      6.68
      7.07
      7.49
      7.91
      8.33
      8.72
      9.05
      9.32
       9.6
      10.2
      10.7
      11.2
      11.7
      12.2
      12.5
      12.8
      12.8
      10.9
      10.9
      10.8
      10.7
      10.5
      10.3
      9.97
      9.66
      9.34
      9.18
      8.98
      8.71
      8.37
         8
      7.62
      7.23
      6.87
      6.53
      6.22
      5.95
      5.71
      5.51
      5.34
       5.2
      5.09
         5
      4.92
      4.86
      4.82
      4.78
      4.76
      4.75
      4.74
      4.75
      4.76
      4.78
      4.82
      4.86
      4.92
         5
      5.09
       5.2
      5.34
      5.51
      5.71
      5.95
      6.22
      6.53
      6.87
      7.23
      7.62
         8
      8.37
      8.71
      8.98
      9.18
      9.34
      9.66
      9.97
      10.3
      10.5
      10.7
      10.8
      10.9
      10.9
      10.1
      10.1
        10
      9.97
      9.86
      9.73
      9.58
      9.41
      9.22
      9.13
      8.98
      8.74
      8.45
      8.12
      7.77
      7.41
      7.06
      6.74
      6.44
      6.18
      5.95
      5.76
      5.59
      5.45
      5.34
      5.24
      5.17
      5.11
      5.06
      5.03
      5.01
      4.99
      4.99
      4.99
      5.01
      5.03
      5.06
      5.11
      5.17
      5.24
      5.34
      5.45
      5.59
      5.76
      5.95
      6.18
      6.44
      6.74
      7.06
      7.41
      7.77
      8.12
      8.45
      8.74
      8.98
      9.13
      9.22
      9.41
      9.58
      9.73
      9.86
      9.97
        10
      10.1
      10.1
      9.71
      9.71
      9.69
      9.65
       9.6
      9.52
      9.43
      9.34
      9.23
      9.17
      9.05
      8.84
      8.58
      8.27
      7.94
       7.6
      7.27
      6.96
      6.68
      6.42
       6.2
         6
      5.84
       5.7
      5.59
      5.49
      5.42
      5.36
      5.31
      5.28
      5.25
      5.24
      5.24
      5.24
      5.25
      5.28
      5.31
      5.36
      5.42
      5.49
      5.59
       5.7
      5.84
         6
       6.2
      6.42
      6.68
      6.96
      7.27
       7.6
      7.94
      8.27
      8.58
      8.84
      9.05
      9.17
      9.23
      9.34
      9.43
      9.52
       9.6
      9.65
      9.69
      9.71
      9.71
      9.61
      9.61
       9.6
      9.58
      9.54
       9.5
      9.45
      9.39
      9.32
      9.29
      9.18
         9
      8.75
      8.46
      8.14
      7.81
      7.49
      7.19
      6.91
      6.66
      6.44
      6.25
      6.09
      5.95
      5.84
      5.74
      5.67
      5.61
      5.56
      5.52
       5.5
      5.49
      5.48
      5.49
       5.5
      5.52
      5.56
      5.61
      5.67
      5.74
      5.84
      5.95
      6.09
      6.25
      6.44
      6.66
      6.91
      7.19
      7.49
      7.81
      8.14
      8.46
      8.75
         9
      9.18
      9.29
      9.32
      9.39
      9.45
       9.5
      9.54
      9.58
       9.6
      9.61
      9.61
      9.66
      9.66
      9.66
      9.64
      9.62
      9.59
      9.56
      9.52
      9.48
      9.46
      9.36
      9.19
      8.95
      8.67
      8.36
      8.04
      7.73
      7.43
      7.16
      6.91
      6.69
       6.5
      6.34
       6.2
      6.08
      5.99
      5.91
      5.85
       5.8
      5.77
      5.74
      5.73
      5.72
      5.73
      5.74
      5.77
       5.8
      5.85
      5.91
      5.99
      6.08
       6.2
      6.34
       6.5
      6.69
      6.91
      7.16
      7.43
      7.73
      8.04
      8.36
      8.67
      8.95
      9.19
      9.36
      9.46
      9.48
      9.52
      9.56
      9.59
      9.62
      9.64
      9.66
      9.66
      9.66
      9.81
      9.81
      9.81
       9.8
      9.78
      9.76
      9.74
      9.72
      9.69
      9.68
      9.58
      9.41
      9.18
       8.9
       8.6
      8.28
      7.97
      7.68
      7.41
      7.16
      6.94
      6.75
      6.59
      6.45
      6.33
      6.23
      6.15
      6.09
      6.04
         6
      5.98
      5.96
      5.95
      5.96
      5.98
         6
      6.04
      6.09
      6.15
      6.23
      6.33
      6.45
      6.59
      6.75
      6.94
      7.16
      7.41
      7.68
      7.97
      8.28
       8.6
       8.9
      9.18
      9.41
      9.58
      9.68
      9.69
      9.72
      9.74
      9.76
      9.78
       9.8
      9.81
      9.81
      9.81
        10
        10
        10
        10
        10
      9.99
      9.97
      9.95
      9.93
      9.92
      9.82
      9.66
      9.43
      9.15
      8.85
      8.54
      8.24
      7.95
      7.67
      7.43
      7.21
      7.01
      6.84
       6.7
      6.57
      6.47
      6.38
      6.31
      6.25
      6.21
      6.18
      6.16
      6.16
      6.16
      6.18
      6.21
      6.25
      6.31
      6.38
      6.47
      6.57
       6.7
      6.84
      7.01
      7.21
      7.43
      7.67
      7.95
      8.24
      8.54
      8.85
      9.15
      9.43
      9.66
      9.82
      9.92
      9.93
      9.95
      9.97
      9.99
        10
        10
        10
        10
        10
      10.3
      10.3
      10.3
      10.3
      10.3
      10.3
      10.2
      10.2
      10.2
      10.2
      10.1
      9.93
       9.7
      9.43
      9.14
      8.84
      8.54
      8.25
      7.98
      7.73
       7.5
       7.3
      7.12
      6.95
      6.81
      6.69
      6.58
      6.49
      6.41
      6.36
      6.32
      6.29
      6.28
      6.29
      6.32
      6.36
      6.41
      6.49
      6.58
      6.69
      6.81
      6.95
      7.12
       7.3
       7.5
      7.73
      7.98
      8.25
      8.54
      8.84
      9.14
      9.43
       9.7
      9.93
      10.1
      10.2
      10.2
      10.2
      10.2
      10.3
      10.3
      10.3
      10.3
      10.3
      10.3
