       6.4
       6.4
       6.4
      6.39
      6.38
      6.36
      6.35
      6.33
      6.31
       6.3
      6.21
      6.05
      5.82
      5.56
      5.27
      4.97
      4.67
      4.38
      4.11
      3.86
      3.63
      3.43
      3.25
      3.08
      2.94
      2.82
      2.71
      2.62
      2.55
      2.49
      2.45
      2.42
      2.41
      2.42
      2.45
      2.49
      2.55
      2.62
      2.71
      2.82
      2.94
      3.08
      3.25
      3.43
      3.63
      3.86
      4.11
      4.38
      4.67
      4.97
      5.27
      5.56
      5.82
      6.05
      6.21
       6.3
      6.31
      6.33
      6.35
      6.36
      6.38
      6.39
       6.4
       6.4
       6.4
       6.4
       6.4
      6.39
      6.39
      6.37
      6.36
      6.34
      6.32
       6.3
       6.3
      6.21
      6.04
      5.81
      5.54
      5.24
      4.94
      4.63
      4.34
      4.07
      3.82
       3.6
       3.4
      3.23
      3.08
      2.95
      2.84
      2.75
      2.67
      2.61
      2.56
      2.53
      2.51
       2.5
      2.51
      2.53
      2.56
      2.61
      2.67
      2.75
      2.84
      2.95
      3.08
      3.23
       3.4
       3.6
      3.82
      4.07
      4.34
      4.63
      4.94
      5.24
      5.54
      5.81
      6.04
      6.21
       6.3
       6.3
      6.32
      6.34
      6.36
      6.37
      6.39
      6.39
       6.4
       6.4
      6.41
      6.41
       6.4
       6.4
      6.38
      6.37
      6.35
      6.33
      6.31
       6.3
      6.21
      6.04
      5.81
      5.53
      5.23
      4.92
      4.62
      4.32
      4.05
      3.81
      3.59
      3.39
      3.22
      3.08
      2.96
      2.86
      2.77
       2.7
      2.64
       2.6
      2.57
      2.56
      2.55
      2.56
      2.57
       2.6
      2.64
       2.7
      2.77
      2.86
      2.96
      3.08
      3.22
      3.39
      3.59
      3.81
      4.05
      4.32
      4.62
      4.92
      5.23
      5.53
      5.81
      6.04
      6.21
       6.3
      6.31
      6.33
      6.35
      6.37
      6.38
       6.4
       6.4
      6.41
      6.41
      6.43
      6.43
      6.43
      6.42
      6.41
      6.39
      6.37
      6.34
      6.32
      6.31
      6.21
      6.04
      5.81
      5.53
      5.23
      4.92
      4.61
      4.32
      4.04
       3.8
      3.58
      3.39
      3.22
      3.08
      2.96
      2.87
      2.78
      2.72
      2.67
      2.63
       2.6
      2.58
      2.58
      2.58
       2.6
      2.63
      2.67
      2.72
      2.78
      2.87
      2.96
      3.08
      3.22
      3.39
      3.58
       3.8
      4.04
      4.32
      4.61
      4.92
      5.23
      5.53
      5.81
      6.04
      6.21
      6.31
      6.32
      6.34
      6.37
      6.39
      6.41
      6.42
      6.43
      6.43
      6.43
      6.48
      6.48
      6.47
      6.46
      6.45
      6.42
       6.4
      6.37
      6.34
      6.32
      6.23
      6.05
      5.82
      5.54
      5.24
      4.92
      4.61
      4.32
      4.04
       3.8
      3.58
      3.39
      3.22
      3.08
      2.97
      2.87
      2.79
      2.73
      2.68
      2.64
      2.62
       2.6
       2.6
       2.6
      2.62
      2.64
      2.68
      2.73
      2.79
      2.87
      2.97
      3.08
      3.22
      3.39
      3.58
       3.8
      4.04
      4.32
      4.61
      4.92
      5.24
      5.54
      5.82
      6.05
      6.23
      6.32
      6.34
      6.37
       6.4
      6.42
      6.45
      6.46
      6.47
      6.48
      6.48
      6.55
      6.55
      6.54
      6.53
      6.51
      6.48
      6.45
      6.41
      6.37
      6.35
      6.25
      6.07
      5.84
      5.55
      5.25
      4.93
      4.62
      4.32
      4.04
       3.8
      3.58
      3.39
      3.22
      3.09
      2.97
      2.88
       2.8
      2.74
      2.69
      2.65
      2.63
      2.61
      2.61
      2.61
      2.63
      2.65
      2.69
      2.74
       2.8
      2.88
      2.97
      3.09
      3.22
      3.39
      3.58
       3.8
      4.04
      4.32
      4.62
      4.93
      5.25
      5.55
      5.84
      6.07
      6.25
      6.35
      6.37
      6.41
      6.45
      6.48
      6.51
      6.53
      6.54
      6.55
      6.55
      6.64
      6.64
      6.63
      6.62
      6.59
      6.55
      6.51
      6.47
      6.41
      6.39
      6.29
       6.1
      5.86
      5.57
      5.26
      4.94
      4.62
      4.32
      4.05
       3.8
      3.58
      3.39
      3.22
      3.09
      2.97
      2.88
       2.8
      2.74
      2.69
      2.66
      2.63
      2.62
      2.61
      2.62
      2.63
      2.66
      2.69
      2.74
       2.8
      2.88
      2.97
      3.09
      3.22
      3.39
      3.58
       3.8
      4.05
      4.32
      4.62
      4.94
      5.26
      5.57
      5.86
       6.1
      6.29
      6.39
      6.41
      6.47
      6.51
      6.55
      6.59
      6.62
      6.63
      6.64
      6.64
      6.78
      6.78
      6.76
      6.74
       6.7
      6.66
       6.6
      6.54
      6.48
      6.44
      6.33
      6.14
      5.89
       5.6
      5.28
      4.96
      4.64
      4.33
      4.05
       3.8
      3.58
      3.39
      3.22
      3.09
      2.97
      2.88
       2.8
      2.74
       2.7
      2.66
      2.64
      2.62
      2.62
      2.62
      2.64
      2.66
       2.7
      2.74
       2.8
      2.88
      2.97
      3.09
      3.22
      3.39
      3.58
       3.8
      4.05
      4.33
      4.64
      4.96
      5.28
       5.6
      5.89
      6.14
      6.33
      6.44
      6.48
      6.54
       6.6
      6.66
       6.7
      6.74
      6.76
      6.78
      6.78
      6.96
      6.96
      6.94
      6.91
      6.86
       6.8
      6.73
      6.65
      6.56
      6.51
      6.39
       6.2
      5.94
      5.64
      5.31
      4.98
      4.65
      4.34
      4.06
      3.81
      3.58
      3.39
      3.22
      3.09
      2.97
      2.88
       2.8
      2.74
       2.7
      2.66
      2.64
      2.62
      2.62
      2.62
      2.64
      2.66
       2.7
      2.74
       2.8
      2.88
      2.97
      3.09
      3.22
      3.39
      3.58
      3.81
      4.06
      4.34
      4.65
      4.98
      5.31
      5.64
      5.94
       6.2
      6.39
      6.51
      6.56
      6.65
      6.73
       6.8
      6.86
      6.91
      6.94
      6.96
      6.96
       7.2
       7.2
      7.18
      7.14
      7.07
      6.99
      6.89
      6.78
      6.66
       6.6
      6.47
      6.26
      5.99
      5.68
      5.34
         5
      4.67
      4.35
      4.07
      3.81
      3.58
      3.39
      3.22
      3.09
      2.97
      2.88
       2.8
      2.74
       2.7
      2.66
      2.64
      2.62
      2.62
      2.62
      2.64
      2.66
       2.7
      2.74
       2.8
      2.88
      2.97
      3.09
      3.22
      3.39
      3.58
      3.81
      4.07
      4.35
      4.67
         5
      5.34
      5.68
      5.99
      6.26
      6.47
       6.6
      6.66
      6.78
      6.89
      6.99
      7.07
      7.14
      7.18
       7.2
       7.2
      7.54
      7.54
      7.51
      7.45
      7.36
      7.24
      7.11
      6.96
       6.8
      6.72
      6.57
      6.34
      6.06
      5.73
      5.38
      5.03
      4.69
      4.37
      4.08
      3.81
      3.59
      3.39
      3.22
      3.08
      2.97
      2.87
       2.8
      2.74
      2.69
      2.66
      2.64
      2.62
      2.62
      2.62
      2.64
      2.66
      2.69
      2.74
       2.8
      2.87
      2.97
      3.08
      3.22
      3.39
      3.59
      3.81
      4.08
      4.37
      4.69
      5.03
      5.38
      5.73
      6.06
      6.34
      6.57
      6.72
       6.8
      6.96
      7.11
      7.24
      7.36
      7.45
      7.51
      7.54
      7.54
      7.99
      7.99
      7.95
      7.86
      7.74
      7.58
       7.4
      7.19
      6.97
      6.86
      6.69
      6.45
      6.14
       5.8
      5.43
      5.07
      4.71
      4.38
      4.08
      3.82
      3.59
      3.39
      3.22
      3.08
      2.96
      2.87
       2.8
      2.74
      2.69
      2.66
      2.63
      2.62
      2.62
      2.62
      2.63
      2.66
      2.69
      2.74
       2.8
      2.87
      2.96
      3.08
      3.22
      3.39
      3.59
      3.82
      4.08
      4.38
      4.71
      5.07
      5.43
       5.8
      6.14
      6.45
      6.69
      6.86
      6.97
      7.19
       7.4
      7.58
      7.74
      7.86
      7.95
      7.99
      7.99
      8.63
      8.63
      8.56
      8.44
      8.26
      8.03
      7.77
      7.49
      7.18
      7.03
      6.84
      6.56
      6.24
      5.87
      5.49
      5.11
      4.74
       4.4
      4.09
      3.82
      3.58
      3.38
      3.21
      3.07
      2.96
      2.86
      2.79
      2.73
      2.69
      2.65
      2.63
      2.61
      2.61
      2.61
      2.63
      2.65
      2.69
      2.73
      2.79
      2.86
      2.96
      3.07
      3.21
      3.38
      3.58
      3.82
      4.09
       4.4
      4.74
      5.11
      5.49
      5.87
      6.24
      6.56
      6.84
      7.03
      7.18
      7.49
      7.77
      8.03
      8.26
      8.44
      8.56
      8.63
      8.63
      9.52
      9.52
      9.42
      9.22
      8.95
      8.63
      8.26
      7.86
      7.44
      7.23
         7
       6.7
      6.34
      5.95
      5.55
      5.15
      4.77
      4.42
       4.1
      3.82
      3.58
      3.38
      3.21
      3.07
      2.95
      2.86
      2.78
      2.72
      2.68
      2.64
      2.62
      2.61
       2.6
      2.61
      2.62
      2.64
      2.68
      2.72
      2.78
      2.86
      2.95
      3.07
      3.21
      3.38
      3.58
      3.82
       4.1
      4.42
      4.77
      5.15
      5.55
      5.95
      6.34
       6.7
         7
      7.23
      7.44
      7.86
      8.26
      8.63
      8.95
      9.22
      9.42
      9.52
      9.52
      10.8
      10.8
      10.6
      10.3
      9.88
      9.39
      8.86
      8.31
      7.74
      7.46
      7.19
      6.85
      6.45
      6.03
      5.61
      5.19
      4.79
      4.43
      4.11
      3.82
      3.58
      3.37
       3.2
      3.06
      2.94
      2.85
      2.77
      2.71
      2.67
      2.63
      2.61
       2.6
      2.59
       2.6
      2.61
      2.63
      2.67
      2.71
      2.77
      2.85
      2.94
      3.06
       3.2
      3.37
      3.58
      3.82
      4.11
      4.43
      4.79
      5.19
      5.61
      6.03
      6.45
      6.85
      7.19
      7.46
      7.74
      8.31
      8.86
      9.39
      9.88
      10.3
      10.6
      10.8
      10.8
      12.9
      12.9
      12.4
      11.8
      11.1
      10.3
      9.56
      8.81
      8.06
       7.7
      7.37
      6.99
      6.56
      6.11
      5.66
      5.22
      4.81
      4.44
      4.11
      3.82
      3.57
      3.36
      3.19
      3.05
      2.93
      2.83
      2.76
       2.7
      2.65
      2.62
       2.6
      2.58
      2.58
      2.58
       2.6
      2.62
      2.65
       2.7
      2.76
      2.83
      2.93
      3.05
      3.19
      3.36
      3.57
      3.82
      4.11
      4.44
      4.81
      5.22
      5.66
      6.11
      6.56
      6.99
      7.37
       7.7
      8.06
      8.81
      9.56
      10.3
      11.1
      11.8
      12.4
      12.9
      12.9
      19.3
      16.8
        15
      13.6
      12.3
      11.3
      10.3
      9.29
      8.36
      7.91
      7.54
      7.11
      6.65
      6.18
       5.7
      5.25
      4.83
      4.44
      4.11
      3.81
      3.56
      3.35
      3.17
      3.03
      2.91
      2.81
      2.74
      2.68
      2.63
       2.6
      2.57
      2.56
      2.55
      2.56
      2.57
       2.6
      2.63
      2.68
      2.74
      2.81
      2.91
      3.03
      3.17
      3.35
      3.56
      3.81
      4.11
      4.44
      4.83
      5.25
       5.7
      6.18
      6.65
      7.11
      7.54
      7.91
      8.36
      9.29
      10.3
      11.3
      12.3
      13.6
        15
      16.8
      19.3
      19.3
      17.6
        16
      14.5
      13.2
      11.9
      10.8
      9.64
      8.57
      8.05
      7.65
      7.19
      6.71
      6.21
      5.72
      5.26
      4.83
      4.44
      4.09
      3.79
      3.54
      3.32
      3.15
         3
      2.88
      2.78
       2.7
      2.64
      2.59
      2.56
      2.53
      2.52
      2.51
      2.52
      2.53
      2.56
      2.59
      2.64
       2.7
      2.78
      2.88
         3
      3.15
      3.32
      3.54
      3.79
      4.09
      4.44
      4.83
      5.26
      5.72
      6.21
      6.71
      7.19
      7.65
      8.05
      8.57
      9.64
      10.8
      11.9
      13.2
      14.5
        16
      17.6
      19.3
      19.3
      17.8
      16.3
      14.9
      13.6
      12.3
        11
      9.83
      8.67
      8.11
      7.68
      7.21
      6.71
       6.2
       5.7
      5.23
       4.8
       4.4
      4.06
      3.75
       3.5
      3.28
       3.1
      2.95
      2.82
      2.72
      2.64
      2.57
      2.52
      2.49
      2.46
      2.45
      2.44
      2.45
      2.46
      2.49
      2.52
      2.57
      2.64
      2.72
      2.82
      2.95
       3.1
      3.28
       3.5
      3.75
      4.06
       4.4
       4.8
      5.23
       5.7
       6.2
      6.71
      7.21
      7.68
      8.11
      8.67
      9.83
        11
      12.3
      13.6
      14.9
      16.3
      17.8
      19.3
      19.3
      17.9
      16.5
      15.1
      13.7
      12.4
      11.1
      9.88
      8.66
      8.07
      7.62
      7.14
      6.63
      6.12
      5.62
      5.15
      4.72
      4.32
      3.98
      3.67
      3.41
      3.19
         3
      2.85
      2.72
      2.61
      2.52
      2.46
       2.4
      2.36
      2.33
      2.32
      2.31
      2.32
      2.33
      2.36
       2.4
      2.46
      2.52
      2.61
      2.72
      2.85
         3
      3.19
      3.41
      3.67
      3.98
      4.32
      4.72
      5.15
      5.62
      6.12
      6.63
      7.14
      7.62
      8.07
      8.66
      9.88
      11.1
      12.4
      13.7
      15.1
      16.5
      17.9
      19.3
      19.3
      17.9
      16.5
      15.2
      13.8
      12.4
      11.1
       9.8
      8.51
      7.89
      7.43
      6.94
      6.44
      5.93
      5.44
      4.98
      4.55
      4.16
      3.81
      3.51
      3.24
      3.01
      2.82
      2.66
      2.52
      2.41
      2.32
      2.24
      2.18
      2.14
      2.11
      2.09
      2.09
      2.09
      2.11
      2.14
      2.18
      2.24
      2.32
      2.41
      2.52
      2.66
      2.82
      3.01
      3.24
      3.51
      3.81
      4.16
      4.55
      4.98
      5.44
      5.93
      6.44
      6.94
      7.43
      7.89
      8.51
       9.8
      11.1
      12.4
      13.8
      15.2
      16.5
      17.9
      19.3
      19.3
      17.9
      16.5
      15.1
      13.8
      12.4
        11
      9.62
      8.24
      7.55
      7.07
      6.57
      6.07
      5.57
      5.09
      4.64
      4.21
      3.83
      3.48
      3.18
      2.91
      2.68
      2.48
      2.31
      2.17
      2.05
      1.95
      1.87
       1.8
      1.75
      1.72
       1.7
      1.69
       1.7
      1.72
      1.75
       1.8
      1.87
      1.95
      2.05
      2.17
      2.31
      2.48
      2.68
      2.91
      3.18
      3.48
      3.83
      4.21
      4.64
      5.09
      5.57
      6.07
      6.57
      7.07
      7.55
      8.24
      9.62
        11
      12.4
      13.8
      15.1
      16.5
      17.9
      19.3
      19.3
      17.9
      16.5
      15.1
      13.7
      12.3
      10.9
      9.45
      8.03
      7.31
      6.82
      6.32
      5.82
      5.33
      4.86
      4.41
         4
      3.62
      3.28
      2.97
       2.7
      2.46
      2.26
      2.08
      1.93
      1.81
       1.7
      1.61
      1.54
      1.49
      1.46
      1.43
      1.43
      1.43
      1.46
      1.49
      1.54
      1.61
       1.7
      1.81
      1.93
      2.08
      2.26
      2.46
       2.7
      2.97
      3.28
      3.62
         4
      4.41
      4.86
      5.33
      5.82
      6.32
      6.82
      7.31
      8.03
      9.45
      10.9
      12.3
      13.7
      15.1
      16.5
      17.9
      19.3
      19.3
      17.9
      16.5
      15.1
      13.6
      12.2
      10.8
      9.31
      7.86
      7.14
      6.64
      6.14
      5.65
      5.17
       4.7
      4.26
      3.85
      3.48
      3.14
      2.83
      2.56
      2.32
      2.11
      1.93
      1.77
      1.64
      1.53
      1.44
      1.37
      1.31
      1.27
      1.25
      1.24
      1.25
      1.27
      1.31
      1.37
      1.44
      1.53
      1.64
      1.77
      1.93
      2.11
      2.32
      2.56
      2.83
      3.14
      3.48
      3.85
      4.26
       4.7
      5.17
      5.65
      6.14
      6.64
      7.14
      7.86
      9.31
      10.8
      12.2
      13.6
      15.1
      16.5
      17.9
      19.3
      19.3
      17.9
      16.5
        15
      13.6
      12.1
      10.7
      9.21
      7.75
      7.01
      6.52
      6.02
      5.53
      5.05
      4.59
      4.16
      3.75
      3.38
      3.04
      2.73
      2.46
      2.22
      2.01
      1.82
      1.66
      1.53
      1.41
      1.32
      1.24
      1.19
      1.15
      1.12
      1.11
      1.12
      1.15
      1.19
      1.24
      1.32
      1.41
      1.53
      1.66
      1.82
      2.01
      2.22
      2.46
      2.73
      3.04
      3.38
      3.75
      4.16
      4.59
      5.05
      5.53
      6.02
      6.52
      7.01
      7.75
      9.21
      10.7
      12.1
      13.6
        15
      16.5
      17.9
      19.3
      19.3
      17.9
      16.4
        15
      13.5
      12.1
      10.6
      9.13
      7.66
      6.92
      6.43
      5.93
      5.44
      4.97
      4.51
      4.08
      3.68
      3.31
      2.97
      2.67
      2.39
      2.15
      1.94
      1.75
      1.59
      1.45
      1.33
      1.24
      1.16
       1.1
      1.06
      1.03
      1.02
      1.03
      1.06
       1.1
      1.16
      1.24
      1.33
      1.45
      1.59
      1.75
      1.94
      2.15
      2.39
      2.67
      2.97
      3.31
      3.68
      4.08
      4.51
      4.97
      5.44
      5.93
      6.43
      6.92
      7.66
      9.13
      10.6
      12.1
      13.5
        15
      16.4
      17.9
      19.3
      19.3
      17.9
      16.4
        15
      13.5
        12
      10.5
      9.07
       7.6
      6.86
      6.36
      5.87
      5.38
      4.91
      4.46
      4.03
      3.63
      3.26
      2.93
      2.62
      2.35
       2.1
      1.89
       1.7
      1.54
       1.4
      1.28
      1.18
       1.1
      1.04
     0.994
     0.968
     0.959
     0.968
     0.994
      1.04
       1.1
      1.18
      1.28
       1.4
      1.54
       1.7
      1.89
       2.1
      2.35
      2.62
      2.93
      3.26
      3.63
      4.03
      4.46
      4.91
      5.38
      5.87
      6.36
      6.86
       7.6
      9.07
      10.5
        12
      13.5
        15
      16.4
      17.9
      19.3
      19.3
      17.9
      16.4
      14.9
      13.5
        12
      10.5
      9.03
      7.55
      6.81
      6.32
      5.83
      5.34
      4.87
      4.42
         4
       3.6
      3.23
       2.9
      2.59
      2.32
      2.07
      1.86
      1.67
       1.5
      1.36
      1.24
      1.14
      1.06
     0.995
     0.951
     0.925
     0.916
     0.925
     0.951
     0.995
      1.06
      1.14
      1.24
      1.36
       1.5
      1.67
      1.86
      2.07
      2.32
      2.59
       2.9
      3.23
       3.6
         4
      4.42
      4.87
      5.34
      5.83
      6.32
      6.81
      7.55
      9.03
      10.5
        12
      13.5
      14.9
      16.4
      17.9
      19.3
      19.3
      17.9
      16.4
      14.9
      13.4
        12
      10.5
      9.01
      7.52
      6.78
      6.29
       5.8
      5.31
      4.85
       4.4
      3.97
      3.58
      3.21
      2.88
      2.57
       2.3
      2.05
      1.84
      1.64
      1.48
      1.33
      1.21
      1.11
      1.03
     0.967
     0.923
     0.897
     0.888
     0.897
     0.923
     0.967
      1.03
      1.11
      1.21
      1.33
      1.48
      1.64
      1.84
      2.05
       2.3
      2.57
      2.88
      3.21
      3.58
      3.97
       4.4
      4.85
      5.31
       5.8
      6.29
      6.78
      7.52
      9.01
      10.5
        12
      13.4
      14.9
      16.4
      17.9
      19.3
      19.3
      17.9
      16.4
      14.9
      13.4
      11.9
      10.5
      8.99
       7.5
      6.76
      6.27
      5.78
      5.29
      4.83
      4.38
      3.96
      3.56
       3.2
      2.86
      2.56
      2.29
      2.04
      1.82
      1.63
      1.46
      1.32
       1.2
       1.1
      1.01
     0.951
     0.906
     0.879
      0.87
     0.879
     0.906
     0.951
      1.01
       1.1
       1.2
      1.32
      1.46
      1.63
      1.82
      2.04
      2.29
      2.56
      2.86
       3.2
      3.56
      3.96
      4.38
      4.83
      5.29
      5.78
      6.27
      6.76
       7.5
      8.99
      10.5
      11.9
      13.4
      14.9
      16.4
      17.9
      19.3
      19.3
      17.9
      16.4
      14.9
      13.4
      11.9
      10.5
      8.97
      7.49
      6.75
      6.25
      5.76
      5.28
      4.82
      4.37
      3.95
      3.56
      3.19
      2.86
      2.56
      2.28
      2.04
      1.82
      1.63
      1.46
      1.31
      1.19
      1.09
      1.01
     0.942
     0.897
      0.87
     0.861
      0.87
     0.897
     0.942
      1.01
      1.09
      1.19
      1.31
      1.46
      1.63
      1.82
      2.04
      2.28
      2.56
      2.86
      3.19
      3.56
      3.95
      4.37
      4.82
      5.28
      5.76
      6.25
      6.75
      7.49
      8.97
      10.5
      11.9
      13.4
      14.9
      16.4
      17.9
      19.3
      19.3
      17.9
      16.4
      14.9
      13.4
      11.9
      10.5
      8.97
      7.48
      6.74
      6.25
      5.76
      5.28
      4.81
      4.37
      3.95
      3.56
      3.19
      2.86
      2.55
      2.28
      2.04
      1.82
      1.63
      1.46
      1.31
      1.19
      1.09
         1
     0.939
     0.894
     0.867
     0.858
     0.867
     0.894
     0.939
         1
      1.09
      1.19
      1.31
      1.46
      1.63
      1.82
      2.04
      2.28
      2.55
      2.86
      3.19
      3.56
      3.95
      4.37
      4.81
      5.28
      5.76
      6.25
      6.74
      7.48
      8.97
      10.5
      11.9
      13.4
      14.9
      16.4
      17.9
      19.3
      19.3
      17.9
      16.4
      14.9
      13.4
      11.9
      10.4
      8.96
      7.48
      6.74
      6.24
      5.76
      5.28
      4.81
      4.37
      3.95
      3.56
      3.19
      2.86
      2.56
      2.28
      2.04
      1.82
      1.63
      1.46
      1.32
      1.19
      1.09
      1.01
     0.941
     0.896
     0.869
      0.86
     0.869
     0.896
     0.941
      1.01
      1.09
      1.19
      1.32
      1.46
      1.63
      1.82
      2.04
      2.28
      2.56
      2.86
      3.19
      3.56
      3.95
      4.37
      4.81
      5.28
      5.76
      6.24
      6.74
      7.48
      8.96
      10.4
      11.9
      13.4
      14.9
      16.4
      17.9
      19.3
      19.3
      17.9
      16.4
      14.9
      13.4
      11.9
      10.4
      8.96
      7.48
      6.74
      6.25
      5.76
      5.28
      4.82
      4.38
      3.96
      3.56
       3.2
      2.87
      2.57
      2.29
      2.05
      1.83
      1.64
      1.47
      1.32
       1.2
      1.09
      1.01
     0.948
     0.902
     0.875
     0.866
     0.875
     0.902
     0.948
      1.01
      1.09
       1.2
      1.32
      1.47
      1.64
      1.83
      2.05
      2.29
      2.57
      2.87
       3.2
      3.56
      3.96
      4.38
      4.82
      5.28
      5.76
      6.25
      6.74
      7.48
      8.96
      10.4
      11.9
      13.4
      14.9
      16.4
      17.9
      19.3
      19.3
      17.9
      16.4
      14.9
      13.4
      11.9
      10.5
      8.97
      7.48
      6.74
      6.25
      5.76
      5.29
      4.83
      4.38
      3.96
      3.57
      3.21
      2.88
      2.57
       2.3
      2.06
      1.84
      1.65
      1.48
      1.33
      1.21
       1.1
      1.02
     0.957
     0.912
     0.884
     0.875
     0.884
     0.912
     0.957
      1.02
       1.1
      1.21
      1.33
      1.48
      1.65
      1.84
      2.06
       2.3
      2.57
      2.88
      3.21
      3.57
      3.96
      4.38
      4.83
      5.29
      5.76
      6.25
      6.74
      7.48
      8.97
      10.5
      11.9
      13.4
      14.9
      16.4
      17.9
      19.3
      19.3
      17.9
      16.4
      14.9
      13.4
      11.9
      10.5
      8.97
      7.49
      6.75
      6.26
      5.77
       5.3
      4.83
      4.39
      3.97
      3.58
      3.22
      2.89
      2.59
      2.31
      2.07
      1.85
      1.66
      1.49
      1.34
      1.22
      1.12
      1.03
     0.969
     0.924
     0.896
     0.887
     0.896
     0.924
     0.969
      1.03
      1.12
      1.22
      1.34
      1.49
      1.66
      1.85
      2.07
      2.31
      2.59
      2.89
      3.22
      3.58
      3.97
      4.39
      4.83
       5.3
      5.77
      6.26
      6.75
      7.49
      8.97
      10.5
      11.9
      13.4
      14.9
      16.4
      17.9
      19.3
      19.3
      17.9
      16.4
      14.9
      13.4
      11.9
      10.5
      8.98
       7.5
      6.76
      6.27
      5.78
      5.31
      4.85
       4.4
      3.99
       3.6
      3.23
       2.9
       2.6
      2.33
      2.08
      1.86
      1.67
       1.5
      1.36
      1.23
      1.13
      1.05
     0.984
     0.938
     0.911
     0.902
     0.911
     0.938
     0.984
      1.05
      1.13
      1.23
      1.36
       1.5
      1.67
      1.86
      2.08
      2.33
       2.6
       2.9
      3.23
       3.6
      3.99
       4.4
      4.85
      5.31
      5.78
      6.27
      6.76
       7.5
      8.98
      10.5
      11.9
      13.4
      14.9
      16.4
      17.9
      19.3
      19.3
      17.9
      16.4
      14.9
      13.4
      11.9
      10.5
      8.99
      7.51
      6.77
      6.28
       5.8
      5.32
      4.86
      4.42
         4
      3.61
      3.25
      2.92
      2.62
      2.34
       2.1
      1.88
      1.69
      1.52
      1.38
      1.25
      1.15
      1.06
         1
     0.955
     0.928
     0.919
     0.928
     0.955
         1
      1.06
      1.15
      1.25
      1.38
      1.52
      1.69
      1.88
       2.1
      2.34
      2.62
      2.92
      3.25
      3.61
         4
      4.42
      4.86
      5.32
       5.8
      6.28
      6.77
      7.51
      8.99
      10.5
      11.9
      13.4
      14.9
      16.4
      17.9
      19.3
      19.3
      17.9
      16.4
      14.9
      13.4
        12
      10.5
         9
      7.52
      6.79
       6.3
      5.81
      5.34
      4.88
      4.44
      4.02
      3.63
      3.27
      2.94
      2.63
      2.36
      2.12
       1.9
      1.71
      1.54
      1.39
      1.27
      1.17
      1.08
      1.02
     0.974
     0.947
     0.938
     0.947
     0.974
      1.02
      1.08
      1.17
      1.27
      1.39
      1.54
      1.71
       1.9
      2.12
      2.36
      2.63
      2.94
      3.27
      3.63
      4.02
      4.44
      4.88
      5.34
      5.81
       6.3
      6.79
      7.52
         9
      10.5
        12
      13.4
      14.9
      16.4
      17.9
      19.3
      19.3
      17.9
      16.4
      14.9
      13.4
        12
      10.5
      9.01
      7.54
       6.8
      6.31
      5.83
      5.35
      4.89
      4.45
      4.04
      3.65
      3.29
      2.96
      2.65
      2.38
      2.14
      1.92
      1.73
      1.56
      1.41
      1.29
      1.19
       1.1
      1.04
     0.995
     0.968
     0.959
     0.968
     0.995
      1.04
       1.1
      1.19
      1.29
      1.41
      1.56
      1.73
      1.92
      2.14
      2.38
      2.65
      2.96
      3.29
      3.65
      4.04
      4.45
      4.89
      5.35
      5.83
      6.31
       6.8
      7.54
      9.01
      10.5
        12
      13.4
      14.9
      16.4
      17.9
      19.3
      19.3
      17.9
      16.4
      14.9
      13.4
        12
      10.5
      9.03
      7.55
      6.82
      6.33
      5.85
      5.37
      4.91
      4.47
      4.06
      3.67
      3.31
      2.98
      2.68
       2.4
      2.16
      1.94
      1.75
      1.58
      1.44
      1.31
      1.21
      1.13
      1.06
      1.02
     0.991
     0.982
     0.991
      1.02
      1.06
      1.13
      1.21
      1.31
      1.44
      1.58
      1.75
      1.94
      2.16
       2.4
      2.68
      2.98
      3.31
      3.67
      4.06
      4.47
      4.91
      5.37
      5.85
      6.33
      6.82
      7.55
      9.03
      10.5
        12
      13.4
      14.9
      16.4
      17.9
      19.3
      19.3
      17.9
      16.4
      14.9
      13.5
        12
      10.5
      9.04
      7.57
      6.84
      6.35
      5.87
      5.39
      4.93
      4.49
      4.08
      3.69
      3.33
         3
       2.7
      2.43
      2.18
      1.97
      1.78
      1.61
      1.46
      1.34
      1.24
      1.15
      1.09
      1.04
      1.02
      1.01
      1.02
      1.04
      1.09
      1.15
      1.24
      1.34
      1.46
      1.61
      1.78
      1.97
      2.18
      2.43
       2.7
         3
      3.33
      3.69
      4.08
      4.49
      4.93
      5.39
      5.87
      6.35
      6.84
      7.57
      9.04
      10.5
        12
      13.5
      14.9
      16.4
      17.9
      19.3
      19.3
      17.9
      16.4
      14.9
      13.5
        12
      10.5
      9.06
      7.59
      6.86
      6.37
      5.89
      5.42
      4.96
      4.52
       4.1
      3.72
      3.36
      3.03
      2.73
      2.45
      2.21
      1.99
       1.8
      1.63
      1.49
      1.37
      1.26
      1.18
      1.12
      1.07
      1.04
      1.04
      1.04
      1.07
      1.12
      1.18
      1.26
      1.37
      1.49
      1.63
       1.8
      1.99
      2.21
      2.45
      2.73
      3.03
      3.36
      3.72
       4.1
      4.52
      4.96
      5.42
      5.89
      6.37
      6.86
      7.59
      9.06
      10.5
        12
      13.5
      14.9
      16.4
      17.9
      19.3
      19.3
      17.9
      16.4
      14.9
      13.5
        12
      10.5
      9.08
      7.61
      6.88
      6.39
      5.91
      5.44
      4.98
      4.55
      4.13
      3.74
      3.38
      3.05
      2.75
      2.48
      2.24
      2.02
      1.83
      1.66
      1.52
       1.4
      1.29
      1.21
      1.15
       1.1
      1.08
      1.07
      1.08
       1.1
      1.15
      1.21
      1.29
       1.4
      1.52
      1.66
      1.83
      2.02
      2.24
      2.48
      2.75
      3.05
      3.38
      3.74
      4.13
      4.55
      4.98
      5.44
      5.91
      6.39
      6.88
      7.61
      9.08
      10.5
        12
      13.5
      14.9
      16.4
      17.9
      19.3
      19.3
      17.9
      16.4
        15
      13.5
        12
      10.6
       9.1
      7.64
      6.91
      6.42
      5.94
      5.47
      5.01
      4.57
      4.16
      3.77
      3.41
      3.08
      2.78
      2.51
      2.27
      2.05
      1.86
       1.7
      1.55
      1.43
      1.33
      1.24
      1.18
      1.14
      1.11
       1.1
      1.11
      1.14
      1.18
      1.24
      1.33
      1.43
      1.55
       1.7
      1.86
      2.05
      2.27
      2.51
      2.78
      3.08
      3.41
      3.77
      4.16
      4.57
      5.01
      5.47
      5.94
      6.42
      6.91
      7.64
       9.1
      10.6
        12
      13.5
        15
      16.4
      17.9
      19.3
      19.3
      17.9
      16.4
        15
      13.5
        12
      10.6
      9.13
      7.66
      6.94
      6.45
      5.97
       5.5
      5.04
      4.61
      4.19
      3.81
      3.45
      3.12
      2.82
      2.55
      2.31
      2.09
       1.9
      1.73
      1.59
      1.47
      1.36
      1.28
      1.22
      1.17
      1.15
      1.14
      1.15
      1.17
      1.22
      1.28
      1.36
      1.47
      1.59
      1.73
       1.9
      2.09
      2.31
      2.55
      2.82
      3.12
      3.45
      3.81
      4.19
      4.61
      5.04
       5.5
      5.97
      6.45
      6.94
      7.66
      9.13
      10.6
        12
      13.5
        15
      16.4
      17.9
      19.3
      19.3
      17.9
      16.4
        15
      13.5
      12.1
      10.6
      9.15
      7.69
      6.97
      6.48
         6
      5.53
      5.08
      4.64
      4.23
      3.84
      3.48
      3.16
      2.86
      2.59
      2.34
      2.13
      1.94
      1.77
      1.63
      1.51
       1.4
      1.32
      1.26
      1.21
      1.19
      1.18
      1.19
      1.21
      1.26
      1.32
       1.4
      1.51
      1.63
      1.77
      1.94
      2.13
      2.34
      2.59
      2.86
      3.16
      3.48
      3.84
      4.23
      4.64
      5.08
      5.53
         6
      6.48
      6.97
      7.69
      9.15
      10.6
      12.1
      13.5
        15
      16.4
      17.9
      19.3
      19.3
      17.9
      16.4
        15
      13.5
      12.1
      10.6
      9.18
      7.73
         7
      6.52
      6.04
      5.57
      5.12
      4.68
      4.27
      3.88
      3.52
       3.2
       2.9
      2.63
      2.39
      2.17
      1.98
      1.81
      1.67
      1.55
      1.45
      1.37
       1.3
      1.26
      1.23
      1.22
      1.23
      1.26
       1.3
      1.37
      1.45
      1.55
      1.67
      1.81
      1.98
      2.17
      2.39
      2.63
       2.9
       3.2
      3.52
      3.88
      4.27
      4.68
      5.12
      5.57
      6.04
      6.52
         7
      7.73
      9.18
      10.6
      12.1
      13.5
        15
      16.4
      17.9
      19.3
      19.3
      17.9
      16.5
        15
      13.6
      12.1
      10.7
      9.22
      7.77
      7.04
      6.56
      6.08
      5.61
      5.16
      4.72
      4.31
      3.93
      3.57
      3.24
      2.94
      2.67
      2.43
      2.22
      2.03
      1.86
      1.72
       1.6
       1.5
      1.41
      1.35
      1.31
      1.28
      1.27
      1.28
      1.31
      1.35
      1.41
       1.5
       1.6
      1.72
      1.86
      2.03
      2.22
      2.43
      2.67
      2.94
      3.24
      3.57
      3.93
      4.31
      4.72
      5.16
      5.61
      6.08
      6.56
      7.04
      7.77
      9.22
      10.7
      12.1
      13.6
        15
      16.5
      17.9
      19.3
      19.3
      17.9
      16.5
        15
      13.6
      12.1
      10.7
      9.25
      7.81
      7.09
      6.61
      6.13
      5.66
      5.21
      4.77
      4.36
      3.98
      3.62
      3.29
      2.99
      2.72
      2.48
      2.27
      2.08
      1.92
      1.77
      1.65
      1.55
      1.47
      1.41
      1.36
      1.34
      1.33
      1.34
      1.36
      1.41
      1.47
      1.55
      1.65
      1.77
      1.92
      2.08
      2.27
      2.48
      2.72
      2.99
      3.29
      3.62
      3.98
      4.36
      4.77
      5.21
      5.66
      6.13
      6.61
      7.09
      7.81
      9.25
      10.7
      12.1
      13.6
        15
      16.5
      17.9
      19.3
      19.3
      17.9
      16.5
        15
      13.6
      12.2
      10.7
       9.3
      7.86
      7.14
      6.66
      6.18
      5.72
      5.26
      4.83
      4.42
      4.03
      3.68
      3.35
      3.05
      2.78
      2.54
      2.33
      2.14
      1.98
      1.83
      1.71
      1.61
      1.53
      1.47
      1.42
       1.4
      1.39
       1.4
      1.42
      1.47
      1.53
      1.61
      1.71
      1.83
      1.98
      2.14
      2.33
      2.54
      2.78
      3.05
      3.35
      3.68
      4.03
      4.42
      4.83
      5.26
      5.72
      6.18
      6.66
      7.14
      7.86
       9.3
      10.7
      12.2
      13.6
        15
      16.5
      17.9
      19.3
      19.3
      17.9
      16.5
      15.1
      13.6
      12.2
      10.8
      9.35
      7.92
       7.2
      6.72
      6.25
      5.78
      5.33
      4.89
      4.48
       4.1
      3.74
      3.41
      3.12
      2.85
      2.61
      2.39
      2.21
      2.04
       1.9
      1.78
      1.68
       1.6
      1.54
       1.5
      1.47
      1.46
      1.47
       1.5
      1.54
       1.6
      1.68
      1.78
       1.9
      2.04
      2.21
      2.39
      2.61
      2.85
      3.12
      3.41
      3.74
       4.1
      4.48
      4.89
      5.33
      5.78
      6.25
      6.72
       7.2
      7.92
      9.35
      10.8
      12.2
      13.6
      15.1
      16.5
      17.9
      19.3
      19.3
      17.9
      16.5
      15.1
      13.7
      12.3
      10.8
      9.41
      7.99
      7.27
      6.79
      6.32
      5.85
       5.4
      4.97
      4.55
      4.17
      3.81
      3.49
      3.19
      2.92
      2.68
      2.47
      2.28
      2.12
      1.98
      1.86
      1.76
      1.68
      1.62
      1.58
      1.55
      1.54
      1.55
      1.58
      1.62
      1.68
      1.76
      1.86
      1.98
      2.12
      2.28
      2.47
      2.68
      2.92
      3.19
      3.49
      3.81
      4.17
      4.55
      4.97
       5.4
      5.85
      6.32
      6.79
      7.27
      7.99
      9.41
      10.8
      12.3
      13.7
      15.1
      16.5
      17.9
      19.3
      19.3
      17.9
      16.5
      15.1
      13.7
      12.3
      10.9
      9.49
      8.07
      7.36
      6.88
      6.41
      5.94
      5.49
      5.05
      4.64
      4.25
       3.9
      3.57
      3.27
      3.01
      2.77
      2.56
      2.37
      2.21
      2.07
      1.95
      1.86
      1.78
      1.72
      1.67
      1.65
      1.64
      1.65
      1.67
      1.72
      1.78
      1.86
      1.95
      2.07
      2.21
      2.37
      2.56
      2.77
      3.01
      3.27
      3.57
       3.9
      4.25
      4.64
      5.05
      5.49
      5.94
      6.41
      6.88
      7.36
      8.07
      9.49
      10.9
      12.3
      13.7
      15.1
      16.5
      17.9
      19.3
      19.3
        18
      16.6
      15.2
      13.8
      12.4
        11
      9.57
      8.16
      7.46
      6.99
      6.51
      6.05
      5.59
      5.16
      4.74
      4.36
         4
      3.67
      3.37
      3.11
      2.87
      2.66
      2.48
      2.32
      2.18
      2.06
      1.97
      1.89
      1.83
      1.79
      1.76
      1.75
      1.76
      1.79
      1.83
      1.89
      1.97
      2.06
      2.18
      2.32
      2.48
      2.66
      2.87
      3.11
      3.37
      3.67
         4
      4.36
      4.74
      5.16
      5.59
      6.05
      6.51
      6.99
      7.46
      8.16
      9.57
        11
      12.4
      13.8
      15.2
      16.6
        18
      19.3
      19.3
        18
      16.6
      15.2
      13.8
      12.5
      11.1
      9.68
      8.28
      7.58
      7.11
      6.64
      6.17
      5.72
      5.28
      4.86
      4.48
      4.12
      3.79
      3.49
      3.23
      2.99
      2.78
       2.6
      2.44
      2.31
      2.19
       2.1
      2.02
      1.96
      1.92
       1.9
      1.89
       1.9
      1.92
      1.96
      2.02
       2.1
      2.19
      2.31
      2.44
       2.6
      2.78
      2.99
      3.23
      3.49
      3.79
      4.12
      4.48
      4.86
      5.28
      5.72
      6.17
      6.64
      7.11
      7.58
      8.28
      9.68
      11.1
      12.5
      13.8
      15.2
      16.6
        18
      19.3
      19.3
        18
      16.6
      15.3
      13.9
      12.6
      11.2
      9.81
      8.43
      7.74
      7.27
       6.8
      6.33
      5.87
      5.43
      5.01
      4.62
      4.26
      3.93
      3.64
      3.37
      3.14
      2.93
      2.75
      2.59
      2.46
      2.35
      2.26
      2.19
      2.13
      2.09
      2.07
      2.06
      2.07
      2.09
      2.13
      2.19
      2.26
      2.35
      2.46
      2.59
      2.75
      2.93
      3.14
      3.37
      3.64
      3.93
      4.26
      4.62
      5.01
      5.43
      5.87
      6.33
       6.8
      7.27
      7.74
      8.43
      9.81
      11.2
      12.6
      13.9
      15.3
      16.6
        18
      19.3
      19.3
        18
      16.7
      15.3
        14
      12.7
      11.3
      9.98
      8.62
      7.93
      7.47
         7
      6.53
      6.07
      5.62
       5.2
       4.8
      4.44
      4.11
      3.81
      3.55
      3.32
      3.11
      2.94
      2.79
      2.66
      2.55
      2.46
      2.39
      2.34
       2.3
      2.28
      2.27
      2.28
       2.3
      2.34
      2.39
      2.46
      2.55
      2.66
      2.79
      2.94
      3.11
      3.32
      3.55
      3.81
      4.11
      4.44
       4.8
       5.2
      5.62
      6.07
      6.53
         7
      7.47
      7.93
      8.62
      9.98
      11.3
      12.7
        14
      15.3
      16.7
        18
      19.3
      19.3
        18
      16.7
      15.4
      14.1
      12.8
      11.5
      10.2
      8.85
      8.18
      7.72
      7.25
      6.78
      6.31
      5.86
      5.43
      5.04
      4.67
      4.34
      4.04
      3.78
      3.55
      3.35
      3.18
      3.03
      2.91
       2.8
      2.72
      2.65
       2.6
      2.57
      2.54
      2.54
      2.54
      2.57
       2.6
      2.65
      2.72
       2.8
      2.91
      3.03
      3.18
      3.35
      3.55
      3.78
      4.04
      4.34
      4.67
      5.04
      5.43
      5.86
      6.31
      6.78
      7.25
      7.72
      8.18
      8.85
      10.2
      11.5
      12.8
      14.1
      15.4
      16.7
        18
      19.3
      19.3
      18.1
      16.8
      15.5
      14.2
      12.9
      11.7
      10.4
      9.15
      8.51
      8.06
      7.59
      7.12
      6.64
      6.19
      5.75
      5.34
      4.97
      4.64
      4.34
      4.08
      3.85
      3.66
      3.49
      3.35
      3.24
      3.14
      3.06
         3
      2.95
      2.92
       2.9
      2.89
       2.9
      2.92
      2.95
         3
      3.06
      3.14
      3.24
      3.35
      3.49
      3.66
      3.85
      4.08
      4.34
      4.64
      4.97
      5.34
      5.75
      6.19
      6.64
      7.12
      7.59
      8.06
      8.51
      9.15
      10.4
      11.7
      12.9
      14.2
      15.5
      16.8
      18.1
      19.3
      19.3
      18.1
      16.8
      15.5
      14.3
      13.1
      11.9
      10.7
      9.51
      8.94
      8.52
      8.06
      7.58
       7.1
      6.63
      6.19
      5.77
       5.4
      5.06
      4.76
      4.51
      4.28
       4.1
      3.94
       3.8
      3.69
       3.6
      3.53
      3.47
      3.43
       3.4
      3.38
      3.38
      3.38
       3.4
      3.43
      3.47
      3.53
       3.6
      3.69
       3.8
      3.94
       4.1
      4.28
      4.51
      4.76
      5.06
       5.4
      5.77
      6.19
      6.63
       7.1
      7.58
      8.06
      8.52
      8.94
      9.51
      10.7
      11.9
      13.1
      14.3
      15.5
      16.8
      18.1
      19.3
      19.3
      18.1
      16.8
      15.5
      14.3
      13.1
        12
      10.8
      9.75
      9.22
      8.81
      8.35
      7.88
      7.39
      6.92
      6.47
      6.05
      5.67
      5.33
      5.03
      4.78
      4.56
      4.38
      4.22
       4.1
      3.99
      3.91
      3.84
      3.79
      3.75
      3.72
      3.71
       3.7
      3.71
      3.72
      3.75
      3.79
      3.84
      3.91
      3.99
       4.1
      4.22
      4.38
      4.56
      4.78
      5.03
      5.33
      5.67
      6.05
      6.47
      6.92
      7.39
      7.88
      8.35
      8.81
      9.22
      9.75
      10.8
        12
      13.1
      14.3
      15.5
      16.8
      18.1
      19.3
      19.3
        18
      16.7
      15.4
      14.2
      13.1
        12
      10.9
      9.87
      9.37
      8.98
      8.54
      8.07
      7.58
      7.11
      6.65
      6.23
      5.85
      5.51
      5.22
      4.97
      4.75
      4.57
      4.43
       4.3
       4.2
      4.12
      4.06
      4.01
      3.98
      3.95
      3.94
      3.93
      3.94
      3.95
      3.98
      4.01
      4.06
      4.12
       4.2
       4.3
      4.43
      4.57
      4.75
      4.97
      5.22
      5.51
      5.85
      6.23
      6.65
      7.11
      7.58
      8.07
      8.54
      8.98
      9.37
      9.87
      10.9
        12
      13.1
      14.2
      15.4
      16.7
        18
      19.3
      19.3
      17.8
      16.4
      15.1
      13.9
      12.9
      11.8
      10.8
      9.89
      9.43
      9.06
      8.64
      8.18
      7.71
      7.24
      6.79
      6.37
         6
      5.66
      5.37
      5.12
      4.91
      4.73
      4.59
      4.47
      4.37
       4.3
      4.23
      4.19
      4.15
      4.13
      4.12
      4.11
      4.12
      4.13
      4.15
      4.19
      4.23
       4.3
      4.37
      4.47
      4.59
      4.73
      4.91
      5.12
      5.37
      5.66
         6
      6.37
      6.79
      7.24
      7.71
      8.18
      8.64
      9.06
      9.43
      9.89
      10.8
      11.8
      12.9
      13.9
      15.1
      16.4
      17.8
      19.3
      19.3
      17.1
      15.6
      14.4
      13.3
      12.4
      11.5
      10.6
      9.82
      9.42
      9.08
      8.69
      8.25
       7.8
      7.34
       6.9
      6.49
      6.12
      5.79
       5.5
      5.26
      5.05
      4.87
      4.73
      4.61
      4.52
      4.44
      4.39
      4.34
      4.31
      4.28
      4.27
      4.27
      4.27
      4.28
      4.31
      4.34
      4.39
      4.44
      4.52
      4.61
      4.73
      4.87
      5.05
      5.26
       5.5
      5.79
      6.12
      6.49
       6.9
      7.34
       7.8
      8.25
      8.69
      9.08
      9.42
      9.82
      10.6
      11.5
      12.4
      13.3
      14.4
      15.6
      17.1
      19.3
      13.9
      13.9
      13.5
      12.9
      12.3
      11.7
        11
      10.3
      9.67
      9.35
      9.06
       8.7
      8.29
      7.86
      7.43
         7
       6.6
      6.24
      5.92
      5.63
      5.39
      5.18
      5.01
      4.87
      4.75
      4.66
      4.58
      4.53
      4.48
      4.45
      4.43
      4.41
      4.41
      4.41
      4.43
      4.45
      4.48
      4.53
      4.58
      4.66
      4.75
      4.87
      5.01
      5.18
      5.39
      5.63
      5.92
      6.24
       6.6
         7
      7.43
      7.86
      8.29
       8.7
      9.06
      9.35
      9.67
      10.3
        11
      11.7
      12.3
      12.9
      13.5
      13.9
      13.9
      12.2
      12.2
      12.1
      11.8
      11.4
        11
      10.5
        10
      9.52
      9.27
      9.02
       8.7
      8.32
      7.92
       7.5
       7.1
      6.71
      6.36
      6.04
      5.76
      5.52
      5.32
      5.15
         5
      4.89
       4.8
      4.72
      4.66
      4.62
      4.59
      4.56
      4.55
      4.55
      4.55
      4.56
      4.59
      4.62
      4.66
      4.72
       4.8
      4.89
         5
      5.15
      5.32
      5.52
      5.76
      6.04
      6.36
      6.71
       7.1
       7.5
      7.92
      8.32
       8.7
      9.02
      9.27
      9.52
        10
      10.5
        11
      11.4
      11.8
      12.1
      12.2
      12.2
      11.2
      11.2
      11.1
        11
      10.7
      10.4
      10.1
      9.75
      9.38
       9.2
      8.98
      8.69
      8.35
      7.97
      7.58
      7.19
      6.82
      6.47
      6.16
      5.89
      5.65
      5.45
      5.28
      5.14
      5.03
      4.93
      4.86
       4.8
      4.76
      4.72
       4.7
      4.69
      4.68
      4.69
       4.7
      4.72
      4.76
       4.8
      4.86
      4.93
      5.03
      5.14
      5.28
      5.45
      5.65
      5.89
      6.16
      6.47
      6.82
      7.19
      7.58
      7.97
      8.35
      8.69
      8.98
       9.2
      9.38
      9.75
      10.1
      10.4
      10.7
        11
      11.1
      11.2
      11.2
      10.6
      10.6
      10.5
      10.4
      10.2
        10
       9.8
      9.55
      9.28
      9.15
      8.96
       8.7
      8.39
      8.03
      7.66
      7.28
      6.92
      6.59
      6.29
      6.02
      5.78
      5.59
      5.42
      5.28
      5.16
      5.07
         5
      4.94
      4.89
      4.86
      4.84
      4.82
      4.82
      4.82
      4.84
      4.86
      4.89
      4.94
         5
      5.07
      5.16
      5.28
      5.42
      5.59
      5.78
      6.02
      6.29
      6.59
      6.92
      7.28
      7.66
      8.03
      8.39
       8.7
      8.96
      9.15
      9.28
      9.55
       9.8
        10
      10.2
      10.4
      10.5
      10.6
      10.6
      10.1
      10.1
      10.1
        10
      9.91
      9.77
      9.61
      9.42
      9.23
      9.13
      8.97
      8.73
      8.43
       8.1
      7.74
      7.38
      7.03
      6.71
      6.41
      6.15
      5.92
      5.72
      5.55
      5.42
       5.3
      5.21
      5.13
      5.07
      5.03
         5
      4.97
      4.96
      4.95
      4.96
      4.97
         5
      5.03
      5.07
      5.13
      5.21
       5.3
      5.42
      5.55
      5.72
      5.92
      6.15
      6.41
      6.71
      7.03
      7.38
      7.74
       8.1
      8.43
      8.73
      8.97
      9.13
      9.23
      9.42
      9.61
      9.77
      9.91
        10
      10.1
      10.1
      10.1
      9.87
      9.87
      9.84
      9.79
      9.71
      9.61
      9.49
      9.35
      9.21
      9.13
      8.99
      8.78
       8.5
      8.18
      7.83
      7.49
      7.15
      6.83
      6.54
      6.28
      6.05
      5.86
      5.69
      5.55
      5.44
      5.35
      5.27
      5.21
      5.17
      5.13
      5.11
       5.1
      5.09
       5.1
      5.11
      5.13
      5.17
      5.21
      5.27
      5.35
      5.44
      5.55
      5.69
      5.86
      6.05
      6.28
      6.54
      6.83
      7.15
      7.49
      7.83
      8.18
       8.5
      8.78
      8.99
      9.13
      9.21
      9.35
      9.49
      9.61
      9.71
      9.79
      9.84
      9.87
      9.87
      9.71
      9.71
      9.69
      9.65
      9.59
      9.52
      9.43
      9.33
      9.22
      9.17
      9.04
      8.84
      8.57
      8.27
      7.93
       7.6
      7.27
      6.96
      6.67
      6.41
      6.19
         6
      5.83
      5.69
      5.58
      5.49
      5.41
      5.35
      5.31
      5.27
      5.25
      5.23
      5.23
      5.23
      5.25
      5.27
      5.31
      5.35
      5.41
      5.49
      5.58
      5.69
      5.83
         6
      6.19
      6.41
      6.67
      6.96
      7.27
       7.6
      7.93
      8.27
      8.57
      8.84
      9.04
      9.17
      9.22
      9.33
      9.43
      9.52
      9.59
      9.65
      9.69
      9.71
      9.71
      9.63
      9.63
      9.61
      9.58
      9.54
      9.49
      9.42
      9.35
      9.27
      9.23
      9.11
      8.92
      8.66
      8.36
      8.04
      7.71
      7.39
      7.08
       6.8
      6.55
      6.33
      6.13
      5.97
      5.83
      5.72
      5.63
      5.55
      5.49
      5.44
      5.41
      5.39
      5.37
      5.37
      5.37
      5.39
      5.41
      5.44
      5.49
      5.55
      5.63
      5.72
      5.83
      5.97
      6.13
      6.33
      6.55
       6.8
      7.08
      7.39
      7.71
      8.04
      8.36
      8.66
      8.92
      9.11
      9.23
      9.27
      9.35
      9.42
      9.49
      9.54
      9.58
      9.61
      9.63
      9.63
      9.61
      9.61
      9.59
      9.57
      9.54
       9.5
      9.45
      9.39
      9.33
       9.3
       9.2
      9.01
      8.76
      8.47
      8.16
      7.83
      7.51
      7.21
      6.93
      6.68
      6.46
      6.27
      6.11
      5.97
      5.86
      5.76
      5.69
      5.63
      5.58
      5.55
      5.52
      5.51
       5.5
      5.51
      5.52
      5.55
      5.58
      5.63
      5.69
      5.76
      5.86
      5.97
      6.11
      6.27
      6.46
      6.68
      6.93
      7.21
      7.51
      7.83
      8.16
      8.47
      8.76
      9.01
       9.2
       9.3
      9.33
      9.39
      9.45
       9.5
      9.54
      9.57
      9.59
      9.61
      9.61
      9.63
      9.63
      9.62
       9.6
      9.58
      9.55
      9.51
      9.47
      9.42
       9.4
      9.29
      9.11
      8.87
      8.59
      8.28
      7.96
      7.64
      7.34
      7.07
      6.82
       6.6
      6.41
      6.25
      6.11
         6
       5.9
      5.83
      5.77
      5.72
      5.68
      5.66
      5.64
      5.64
      5.64
      5.66
      5.68
      5.72
      5.77
      5.83
       5.9
         6
      6.11
      6.25
      6.41
       6.6
      6.82
      7.07
      7.34
      7.64
      7.96
      8.28
      8.59
      8.87
      9.11
      9.29
       9.4
      9.42
      9.47
      9.51
      9.55
      9.58
       9.6
      9.62
      9.63
      9.63
      9.68
      9.68
      9.68
      9.66
      9.64
      9.62
      9.59
      9.56
      9.52
       9.5
       9.4
      9.23
      8.99
      8.71
       8.4
      8.09
      7.78
      7.48
      7.21
      6.96
      6.74
      6.55
      6.39
      6.25
      6.13
      6.04
      5.96
       5.9
      5.85
      5.82
      5.79
      5.78
      5.77
      5.78
      5.79
      5.82
      5.85
       5.9
      5.96
      6.04
      6.13
      6.25
      6.39
      6.55
      6.74
      6.96
      7.21
      7.48
      7.78
      8.09
       8.4
      8.71
      8.99
      9.23
       9.4
       9.5
      9.52
      9.56
      9.59
      9.62
      9.64
      9.66
      9.68
      9.68
      9.68
      9.76
      9.76
      9.76
      9.75
      9.73
      9.71
      9.69
      9.66
      9.63
      9.62
      9.52
      9.35
      9.12
      8.84
      8.54
      8.22
      7.91
      7.62
      7.35
       7.1
      6.88
      6.69
      6.53
      6.39
      6.27
      6.18
       6.1
      6.03
      5.99
      5.95
      5.92
      5.91
       5.9
      5.91
      5.92
      5.95
      5.99
      6.03
       6.1
      6.18
      6.27
      6.39
      6.53
      6.69
      6.88
       7.1
      7.35
      7.62
      7.91
      8.22
      8.54
      8.84
      9.12
      9.35
      9.52
      9.62
      9.63
      9.66
      9.69
      9.71
      9.73
      9.75
      9.76
      9.76
      9.76
      9.87
      9.87
      9.86
      9.85
      9.84
      9.82
       9.8
      9.78
      9.76
      9.75
      9.65
      9.48
      9.25
      8.98
      8.67
      8.36
      8.05
      7.76
      7.49
      7.24
      7.02
      6.83
      6.67
      6.53
      6.41
      6.31
      6.23
      6.16
      6.11
      6.07
      6.05
      6.03
      6.03
      6.03
      6.05
      6.07
      6.11
      6.16
      6.23
      6.31
      6.41
      6.53
      6.67
      6.83
      7.02
      7.24
      7.49
      7.76
      8.05
      8.36
      8.67
      8.98
      9.25
      9.48
      9.65
      9.75
      9.76
      9.78
       9.8
      9.82
      9.84
      9.85
      9.86
      9.87
      9.87
      9.99
      9.99
      9.98
      9.97
      9.96
      9.95
      9.93
      9.91
      9.89
      9.88
      9.79
      9.62
      9.39
      9.12
      8.82
      8.51
       8.2
      7.91
      7.64
      7.39
      7.17
      6.98
      6.81
      6.67
      6.54
      6.44
      6.36
      6.29
      6.23
      6.19
      6.16
      6.14
      6.14
      6.14
      6.16
      6.19
      6.23
      6.29
      6.36
      6.44
      6.54
      6.67
      6.81
      6.98
      7.17
      7.39
      7.64
      7.91
       8.2
      8.51
      8.82
      9.12
      9.39
      9.62
      9.79
      9.88
      9.89
      9.91
      9.93
      9.95
      9.96
      9.97
      9.98
      9.99
      9.99
      10.1
      10.1
      10.1
      10.1
      10.1
      10.1
      10.1
        10
        10
        10
      9.93
      9.76
      9.54
      9.27
      8.97
      8.66
      8.36
      8.07
       7.8
      7.55
      7.33
      7.13
      6.96
      6.81
      6.68
      6.57
      6.47
       6.4
      6.34
      6.29
      6.25
      6.23
      6.23
      6.23
      6.25
      6.29
      6.34
       6.4
      6.47
      6.57
      6.68
      6.81
      6.96
      7.13
      7.33
      7.55
       7.8
      8.07
      8.36
      8.66
      8.97
      9.27
      9.54
      9.76
      9.93
        10
        10
        10
      10.1
      10.1
      10.1
      10.1
      10.1
      10.1
      10.1
      10.3
      10.3
      10.3
      10.3
      10.2
      10.2
      10.2
      10.2
      10.2
      10.2
      10.1
      9.92
      9.69
      9.43
      9.14
      8.83
      8.54
      8.25
      7.98
      7.73
       7.5
       7.3
      7.11
      6.95
      6.81
      6.69
      6.58
      6.49
      6.41
      6.36
      6.32
      6.29
      6.28
      6.29
      6.32
      6.36
      6.41
      6.49
      6.58
      6.69
      6.81
      6.95
      7.11
       7.3
       7.5
      7.73
      7.98
      8.25
      8.54
      8.83
      9.14
      9.43
      9.69
      9.92
      10.1
      10.2
      10.2
      10.2
      10.2
      10.2
      10.2
      10.3
      10.3
      10.3
      10.3
